Buchungsnummer;Kennzeichen;S_Id;Stationsname;Fahrzeugsteller;Abrechnungsmonat;Buchungsstatus;Buchungsbeginn;Buchungsende;Fahrtbeginn;Fahrtende;Stornierung;Buchungsdauer_std;Fahrtdauer_std;KM;Tarif;Nutzungskategorie;PC_Id;Preiskomponente;Rechnungsnummer;Zahlungsstatus;Zeitkosten;Zeitkosten_nach_Guthaben;KM_Kosten;KM_Kosten_nach_Guthaben;Buchungsgebuehr;Spaetrueckgabegebuehr;Fahrtkosten;Fahrtkosten_nach_Guthaben
R001157;R-CA 138E;8;Alteglofsheim;Alteglofsheim / C101;2025-07;finished;10.07.2025 16:30;10.07.2025 21:30;10.07.2025 16:28;10.07.2025 20:42;;5;4,22;38;ÖPNV-Abo-Tarif ;Privatkunden;2;CARL;RCA00332;Bezahlt;11,38;11,38;7,22;7,22;2,5;0;21,1;11,1
R001203;R-CA 138E;8;Alteglofsheim;Alteglofsheim / C101;2025-07;finished;17.07.2025 12:30;17.07.2025 14:30;17.07.2025 12:30;17.07.2025 14:20;;2;1,82;48;Basis-Tarif ;Privatkunden;2;CARL;RCA00281;Bezahlt;4,79;4,79;9,12;9,12;2,5;0;16,41;16,41
R001230;R-CA 138E;8;Alteglofsheim;Alteglofsheim / C101;2025-07;finished;22.07.2025 15:30;22.07.2025 19:30;22.07.2025 15:20;22.07.2025 18:34;;4;3,23;17;ÖPNV-Abo-Tarif ;Privatkunden;2;CARL;RCA00332;Bezahlt;9,04;9,04;3,23;3,23;2,5;0;14,77;14,77
R001283;R-CA 138E;8;Alteglofsheim;Alteglofsheim / C101;2025-07;finished;30.07.2025 17:30;30.07.2025 20:00;30.07.2025 17:27;30.07.2025 19:30;;2,5;2,05;34;Basis-Tarif ;Privatkunden;2;CARL;RCA00281;Bezahlt;5,67;5,67;6,46;6,46;2,5;0;14,63;14,63
R001316;R-CA 138E;8;Alteglofsheim;Alteglofsheim / C101;2025-08;finished;05.08.2025 16:30;05.08.2025 23:30;05.08.2025 16:19;05.08.2025 22:15;;7;5,92;43;ÖPNV-Abo-Tarif ;Privatkunden;2;CARL;RCA00384;Bezahlt;16,04;16,04;8,17;8,17;2,5;0;26,71;16,71
R001344;R-CA 138E;8;Alteglofsheim;Alteglofsheim / C101;2025-08;finished;15.08.2025 15:00;16.08.2025 02:00;15.08.2025 14:55;15.08.2025 22:07;;11;7,18;77;ÖPNV-Abo-Tarif ;Privatkunden;2;CARL;RCA00384;Bezahlt;21,88;21,88;14,63;14,63;2,5;0;39,01;39,01
R001376;R-CA 138E;8;Alteglofsheim;Alteglofsheim / C101;2025-08;finished;18.08.2025 10:15;18.08.2025 11:30;18.08.2025 10:09;18.08.2025 10:55;;1,25;0,75;30;Basis-Tarif ;Privatkunden;2;CARL;RCA00351;Bezahlt;2,5;2,5;5,7;5,7;2,5;0;10,7;10,7
R001520;R-CA 138E;8;Alteglofsheim;Alteglofsheim / C101;2025-09;finished;18.09.2025 15:00;18.09.2025 20:00;18.09.2025 14:57;18.09.2025 20:00;;5;5,03;180;Kommunal-Tarif Dienstfahrten;Fahrzeugsteller;4;CARL-KOMMUNEN;RCA00404;Offen;12,58;12,58;34,2;34,2;0;0;46,78;46,78
R001540;R-CA 138E;8;Alteglofsheim;Alteglofsheim / C101;2025-09;finished;17.09.2025 15:00;17.09.2025 15:15;17.09.2025 15:05;17.09.2025 15:08;;0,25;0,05;0;Kommunal-Tarif Servicefahrten;Fahrzeugbetreuung;1;FREE;;;0;0;0;0;0;0;0;0
R001558;R-CA 138E;8;Alteglofsheim;Alteglofsheim / C101;2025-09;cancelled;23.09.2025 15:45;23.09.2025 20:00;;;23.09.2025 13:22;4,25;;;Basis-Tarif ;Privatkunden;2;CARL;RCA00402;Bezahlt;4,25;4,25;0;0;2,5;0;6,75;6,75
R001624;R-CA 138E;8;Alteglofsheim;Alteglofsheim / C101;2025-09;finished;30.09.2025 22:45;30.09.2025 23:45;30.09.2025 22:36;30.09.2025 23:28;;1;0,85;20;Studierenden-Tarif ;Privatkunden;2;CARL;;Keine Zahlung;2,42;2,42;3,8;3,8;2,5;0;8,72;0
R001109;R-MA 45;10;Pettendorf;Pettendorf / C109;2025-07;finished;02.07.2025 08:30;02.07.2025 14:45;02.07.2025 08:25;02.07.2025 14:37;;6,25;6,2;39;Firmen-Tarif Dienstfahrten;Firmenkunden;4;CARL-KOMMUNEN;RCA00318;Bezahlt;15,67;15,67;7,41;7,41;0;0;23,08;23,08
R001133;R-MA 45;10;Pettendorf;Pettendorf / C109;2025-07;expired;06.07.2025 09:00;06.07.2025 13:00;;;;4;;;Firmen-Tarif Dienstfahrten;Firmenkunden;4;CARL-KOMMUNEN;RCA00318;Bezahlt;10;10;0;0;0;0;10;10
R001136;R-MA 45;10;Pettendorf;Pettendorf / C109;2025-07;finished;12.07.2025 12:00;13.07.2025 13:00;12.07.2025 12:44;13.07.2025 12:37;;25;23,88;115;Basis-Tarif ;Privatkunden;2;CARL;RCA00320;Bezahlt;41,96;41,96;21,85;21,85;2,5;0;66,31;66,31
R001137;R-MA 45;10;Pettendorf;Pettendorf / C109;2025-07;finished;07.07.2025 09:15;07.07.2025 13:30;07.07.2025 09:02;07.07.2025 13:09;;4,25;4,12;61;Firmen-Tarif Dienstfahrten;Firmenkunden;4;CARL-KOMMUNEN;RCA00318;Bezahlt;10,67;10,67;11,59;11,59;0;0;22,26;22,26
R001148;R-MA 45;10;Pettendorf;Pettendorf / C109;2025-07;finished;08.07.2025 14:30;08.07.2025 15:30;08.07.2025 14:27;08.07.2025 15:30;;1;1,03;27;Basis-Tarif ;Privatkunden;2;CARL;RCA00320;Bezahlt;2,63;2,63;5,13;5,13;2,5;0;10,26;10,26
R001176;R-MA 45;10;Pettendorf;Pettendorf / C109;2025-07;finished;14.07.2025 09:00;14.07.2025 15:30;14.07.2025 09:08;14.07.2025 15:03;;6,5;5,92;44;Firmen-Tarif Dienstfahrten;Firmenkunden;4;CARL-KOMMUNEN;RCA00318;Bezahlt;15,58;15,58;8,36;8,36;0;0;23,94;23,94
R001200;R-MA 45;10;Pettendorf;Pettendorf / C109;2025-07;finished;17.07.2025 15:30;17.07.2025 20:15;17.07.2025 15:33;17.07.2025 20:01;;4,75;4,47;60;Firmen-Tarif Dienstfahrten;Firmenkunden;4;CARL-KOMMUNEN;RCA00318;Bezahlt;11,54;11,54;11,4;11,4;0;0;22,94;22,94
R001201;R-MA 45;10;Pettendorf;Pettendorf / C109;2025-07;finished;21.07.2025 09:00;21.07.2025 19:00;21.07.2025 09:06;21.07.2025 18:06;;10;9;87;Firmen-Tarif Dienstfahrten;Firmenkunden;4;CARL-KOMMUNEN;RCA00318;Bezahlt;23,67;23,67;16,53;16,53;0;0;40,2;40,2
R001202;R-MA 45;10;Pettendorf;Pettendorf / C109;2025-07;finished;30.07.2025 08:15;30.07.2025 20:00;30.07.2025 08:34;30.07.2025 19:51;;11,75;11,27;131;Firmen-Tarif Dienstfahrten;Firmenkunden;4;CARL-KOMMUNEN;RCA00318;Bezahlt;29,17;29,17;24,89;24,89;0;0;54,06;54,06
R001227;R-MA 45;10;Pettendorf;Pettendorf / C109;2025-07;finished;22.07.2025 11:30;22.07.2025 14:30;22.07.2025 11:37;22.07.2025 13:17;;3;1,65;23;Firmen-Tarif Dienstfahrten;Firmenkunden;4;CARL-KOMMUNEN;RCA00318;Bezahlt;5,67;5,67;4,37;4,37;0;0;10,04;10,04
R001240;R-MA 45;10;Pettendorf;Pettendorf / C109;2025-07;finished;29.07.2025 07:45;29.07.2025 12:00;29.07.2025 08:08;29.07.2025 11:19;;4,25;3,18;61;Firmen-Tarif Dienstfahrten;Firmenkunden;4;CARL-KOMMUNEN;RCA00318;Bezahlt;9,58;9,58;11,59;11,59;0;0;21,17;21,17
R001241;R-MA 45;10;Pettendorf;Pettendorf / C109;2025-07;expired;25.07.2025 08:30;25.07.2025 18:00;;;;9,5;;;Firmen-Tarif Dienstfahrten;Firmenkunden;4;CARL-KOMMUNEN;RCA00318;Bezahlt;23,75;23,75;0;0;0;0;23,75;23,75
R001265;R-MA 45;10;Pettendorf;Pettendorf / C109;2025-07;finished;28.07.2025 09:00;28.07.2025 17:00;28.07.2025 08:49;28.07.2025 16:42;;8;7,87;55;Firmen-Tarif Dienstfahrten;Firmenkunden;4;CARL-KOMMUNEN;RCA00318;Bezahlt;20;20;10,45;10,45;0;0;30,45;30,45
R001342;R-MA 45;10;Pettendorf;Pettendorf / C109;2025-08;finished;11.08.2025 10:30;11.08.2025 16:30;11.08.2025 10:37;11.08.2025 15:56;;6;5,32;51;Firmen-Tarif Dienstfahrten;Firmenkunden;4;CARL-KOMMUNEN;RCA00374;Bezahlt;14,17;14,17;9,69;9,69;0;0;23,86;23,86
R001380;R-MA 45;10;Pettendorf;Pettendorf / C109;2025-08;finished;19.08.2025 08:00;19.08.2025 15:00;19.08.2025 08:03;19.08.2025 14:13;;7;6,17;62;Firmen-Tarif Dienstfahrten;Firmenkunden;4;CARL-KOMMUNEN;RCA00374;Bezahlt;16,33;16,33;11,78;11,78;0;0;28,11;28,11
R001381;R-MA 45;10;Pettendorf;Pettendorf / C109;2025-08;finished;20.08.2025 07:45;20.08.2025 18:30;20.08.2025 07:58;20.08.2025 18:12;;10,75;10,22;87;Firmen-Tarif Dienstfahrten;Firmenkunden;4;CARL-KOMMUNEN;RCA00374;Bezahlt;26,42;26,42;16,53;16,53;0;0;42,95;42,95
R001394;R-MA 45;10;Pettendorf;Pettendorf / C109;2025-08;finished;21.08.2025 11:30;26.08.2025 18:00;21.08.2025 11:18;25.08.2025 13:18;;126,5;97,98;1;Betreiber-Tarif GFN-Servicefahrten;Fahrzeugsteller;1;FREE;;Keine Zahlung;0;0;0;0;0;0;0;0
R001404;R-MA 45;10;Pettendorf;Pettendorf / C109;2025-08;cancelled;28.08.2025 18:00;30.08.2025 20:00;;;26.08.2025 20:57;50;;;Basis-Tarif ;Privatkunden;2;CARL;RCA00382;Bezahlt;0;0;0;0;0;0;0;0
R001417;R-MA 45;10;Pettendorf;Pettendorf / C109;2025-08;finished;26.08.2025 15:00;28.08.2025 15:00;26.08.2025 15:18;28.08.2025 10:28;;48;43,17;1;Betreiber-Tarif GFN-Servicefahrten;Fahrzeugsteller;1;FREE;;Keine Zahlung;0;0;0;0;0;0;0;0
R001424;R-MA 45;10;Pettendorf;Pettendorf / C109;2025-08;finished;28.08.2025 17:00;30.08.2025 20:00;28.08.2025 17:22;30.08.2025 19:39;;51;50,28;204;Basis-Tarif ;Privatkunden;2;CARL;RCA00382;Bezahlt;87;87;38,76;38,76;2,5;0;128,26;128,26
R001481;R-MA 45;10;Pettendorf;Pettendorf / C109;2025-09;finished;08.09.2025 10:45;08.09.2025 19:30;08.09.2025 10:51;08.09.2025 19:10;;8,75;8,32;115;Firmen-Tarif Dienstfahrten;Firmenkunden;4;CARL-KOMMUNEN;RCA00432;Bezahlt;21,38;21,38;21,85;21,85;0;0;43,23;43,23
R001482;R-MA 45;10;Pettendorf;Pettendorf / C109;2025-09;finished;17.09.2025 08:30;17.09.2025 18:30;17.09.2025 08:25;17.09.2025 18:25;;10;9,98;115;Firmen-Tarif Dienstfahrten;Firmenkunden;4;CARL-KOMMUNEN;RCA00432;Bezahlt;25,08;25,08;21,85;21,85;0;0;46,93;46,93
R001483;R-MA 45;10;Pettendorf;Pettendorf / C109;2025-09;cancelled;18.09.2025 07:30;18.09.2025 11:30;;;17.09.2025 19:17;4;;;Firmen-Tarif Dienstfahrten;Firmenkunden;4;CARL-KOMMUNEN;RCA00432;Bezahlt;0;0;0;0;0;0;0;0
R000383;R-CA 107E;4;Sinzing;Sinzing / C112;2025-07;finished;07.07.2025 10:45;07.07.2025 12:15;07.07.2025 10:46;07.07.2025 11:07;;1,5;0,33;0;Kommunal-Tarif Servicefahrten;Fahrzeugbetreuung;1;FREE;;Keine Zahlung;0;0;0;0;0;0;0;0
R000384;R-CA 107E;4;Sinzing;Sinzing / C112;2025-07;cancelled;24.07.2025 10:45;24.07.2025 12:15;;;23.07.2025 10:12;1,5;;;Kommunal-Tarif Servicefahrten;Fahrzeugbetreuung;1;FREE;;Keine Zahlung;0;0;0;0;0;0;0;0
R001075;R-CA 107E;4;Sinzing;Sinzing / C112;2025-07;finished;01.07.2025 07:45;01.07.2025 18:30;01.07.2025 07:47;01.07.2025 17:54;;10,75;10,12;72;Basis-Tarif ;Privatkunden;2;CARL;RCA00327;Bezahlt;26;26;13,68;13,68;2,5;0;42,18;42,18
R001102;R-CA 107E;4;Sinzing;Sinzing / C112;2025-07;finished;06.07.2025 10:30;06.07.2025 15:30;06.07.2025 10:26;06.07.2025 14:47;;5;4,35;117;Basis-Tarif ;Privatkunden;2;CARL;RCA00342;Bezahlt;11,63;11,63;22,23;22,23;2,5;0;36,36;36,36
R001118;R-CA 107E;4;Sinzing;Sinzing / C112;2025-07;cancelled;11.07.2025 13:00;11.07.2025 14:30;;;11.07.2025 08:39;1,5;;;Basis-Tarif ;Privatkunden;2;CARL;RCA00341;Bezahlt;1,5;1,5;0;0;2,5;0;4;4
R001145;R-CA 107E;4;Sinzing;Sinzing / C112;2025-07;cancelled;08.07.2025 11:00;08.07.2025 13:30;;;08.07.2025 10:14;2,5;;;Basis-Tarif ;Privatkunden;2;CARL;RCA00324;Bezahlt;0;0;0;0;0;0;0;0
R001149;R-CA 107E;4;Sinzing;Sinzing / C112;2025-07;finished;14.07.2025 08:00;14.07.2025 17:30;14.07.2025 07:52;14.07.2025 16:26;;9,5;8,55;152;Basis-Tarif ;Privatkunden;2;CARL;RCA00326;Bezahlt;22,46;22,46;28,88;28,88;2,5;0;53,84;53,84
R001150;R-CA 107E;4;Sinzing;Sinzing / C112;2025-07;cancelled;17.07.2025 08:00;17.07.2025 17:00;;;09.07.2025 08:53;9;;;Basis-Tarif ;Privatkunden;2;CARL;RCA00326;Bezahlt;0;0;0;0;0;0;0;0
R001152;R-CA 107E;4;Sinzing;Sinzing / C112;2025-07;finished;09.07.2025 08:00;09.07.2025 12:30;09.07.2025 07:59;09.07.2025 12:00;;4,5;4;22;Basis-Tarif ;Privatkunden;2;CARL;RCA00324;Bezahlt;10,54;10,54;4,18;4,18;2,5;0;17,22;17,22
R001156;R-CA 107E;4;Sinzing;Sinzing / C112;2025-07;cancelled;16.07.2025 15:00;16.07.2025 18:00;;;16.07.2025 11:28;3;;;Basis-Tarif ;Privatkunden;2;CARL;RCA00341;Bezahlt;3;3;0;0;2,5;0;5,5;5,5
R001184;R-CA 107E;4;Sinzing;Sinzing / C112;2025-07;cancelled;15.07.2025 11:30;15.07.2025 14:00;;;15.07.2025 10:31;2,5;;;Basis-Tarif ;Privatkunden;2;CARL;RCA00324;Bezahlt;2,5;2,5;0;0;2,5;0;5;5
R001186;R-CA 107E;4;Sinzing;Sinzing / C112;2025-07;finished;15.07.2025 17:30;15.07.2025 20:45;15.07.2025 17:31;15.07.2025 20:37;;3,25;3,08;20;Basis-Tarif ;Privatkunden;2;CARL;RCA00324;Bezahlt;7,92;7,92;3,8;3,8;2,5;0;14,22;14,22
R001199;R-CA 107E;4;Sinzing;Sinzing / C112;2025-07;finished;17.07.2025 08:00;17.07.2025 10:00;17.07.2025 07:55;17.07.2025 09:28;;2;1,53;26;Basis-Tarif ;Privatkunden;2;CARL;RCA00294;Bezahlt;4,38;4,38;4,94;4,94;2,5;0;11,82;11,82
R001212;R-CA 107E;4;Sinzing;Sinzing / C112;2025-07;finished;18.07.2025 09:30;18.07.2025 12:30;18.07.2025 09:29;18.07.2025 12:31;;3;3,03;23;Basis-Tarif ;Privatkunden;2;CARL;RCA00324;Bezahlt;7,63;7,63;4,37;4,37;2,5;0;14,5;14,5
R001232;R-CA 107E;4;Sinzing;Sinzing / C112;2025-07;finished;24.07.2025 12:15;24.07.2025 15:15;24.07.2025 12:24;24.07.2025 15:06;;3;2,68;62;Basis-Tarif ;Privatkunden;2;CARL;RCA00341;Bezahlt;7,29;7,29;11,78;11,78;2,5;0;21,57;21,57
R001236;R-CA 107E;4;Sinzing;Sinzing / C112;2025-07;finished;24.07.2025 18:15;24.07.2025 22:15;24.07.2025 18:04;24.07.2025 21:32;;4;3,45;20;Basis-Tarif ;Privatkunden;2;CARL;RCA00341;Bezahlt;9,33;9,33;3,8;3,8;2,5;0;15,63;15,63
R001237;R-CA 107E;4;Sinzing;Sinzing / C112;2025-07;finished;25.07.2025 07:15;25.07.2025 08:15;25.07.2025 07:22;25.07.2025 08:08;;1;0,75;20;Basis-Tarif ;Privatkunden;2;CARL;RCA00341;Bezahlt;2,33;2,33;3,8;3,8;2,5;0;8,63;8,63
R001238;R-CA 107E;4;Sinzing;Sinzing / C112;2025-07;finished;25.07.2025 13:00;25.07.2025 17:00;25.07.2025 13:11;25.07.2025 16:36;;4;3,4;38;Basis-Tarif ;Privatkunden;2;CARL;RCA00341;Bezahlt;9,42;9,42;7,22;7,22;2,5;0;19,14;19,14
R001239;R-CA 107E;4;Sinzing;Sinzing / C112;2025-07;finished;24.07.2025 22:15;24.07.2025 23:15;24.07.2025 22:05;24.07.2025 22:39;;1;0,57;22;ÖPNV-Abo-Tarif ;Privatkunden;2;CARL;;Keine Zahlung;2,04;2,04;4,18;4,18;2,5;0;8,72;0
R001243;R-CA 107E;4;Sinzing;Sinzing / C112;2025-07;finished;31.07.2025 09:00;31.07.2025 13:00;31.07.2025 09:04;31.07.2025 12:46;;4;3,68;70;Basis-Tarif ;Privatkunden;2;CARL;RCA00292;Bezahlt;9,67;9,67;13,3;13,3;2,5;0;25,47;25,47
R001244;R-CA 107E;4;Sinzing;Sinzing / C112;2025-07;finished;26.07.2025 11:45;26.07.2025 12:45;26.07.2025 11:41;26.07.2025 12:39;;1;0,95;22;Basis-Tarif ;Privatkunden;2;CARL;RCA00341;Bezahlt;2,5;2,5;4,18;4,18;2,5;0;9,18;9,18
R001245;R-CA 107E;4;Sinzing;Sinzing / C112;2025-07;cancelled;26.07.2025 18:00;26.07.2025 23:00;;;26.07.2025 14:43;5;;;Basis-Tarif ;Privatkunden;2;CARL;RCA00341;Bezahlt;5;5;0;0;2,5;0;7,5;7,5
R001249;R-CA 107E;4;Sinzing;Sinzing / C112;2025-07;finished;28.07.2025 07:15;28.07.2025 08:15;28.07.2025 07:22;28.07.2025 08:10;;1;0,78;19;Basis-Tarif ;Privatkunden;2;CARL;RCA00341;Bezahlt;2,42;2,42;3,61;3,61;2,5;0;8,53;8,53
R001250;R-CA 107E;4;Sinzing;Sinzing / C112;2025-07;finished;29.07.2025 07:30;29.07.2025 15:30;29.07.2025 07:27;29.07.2025 14:12;;8;6,75;89;Basis-Tarif ;Privatkunden;2;CARL;RCA00341;Bezahlt;18,21;18,21;16,91;16,91;2,5;0;37,62;37,62
R001251;R-CA 107E;4;Sinzing;Sinzing / C112;2025-07;finished;30.07.2025 07:15;30.07.2025 08:15;30.07.2025 07:24;30.07.2025 08:13;;1;0,8;20;Basis-Tarif ;Privatkunden;2;CARL;RCA00341;Bezahlt;2,46;2,46;3,8;3,8;2,5;0;8,76;8,76
R001252;R-CA 107E;4;Sinzing;Sinzing / C112;2025-07;finished;31.07.2025 07:15;31.07.2025 08:15;31.07.2025 07:25;31.07.2025 08:13;;1;0,78;22;Basis-Tarif ;Privatkunden;2;CARL;RCA00341;Bezahlt;2,46;2,46;4,18;4,18;2,5;0;9,14;9,14
R001253;R-CA 107E;4;Sinzing;Sinzing / C112;2025-07;finished;31.07.2025 13:30;31.07.2025 18:30;31.07.2025 13:31;31.07.2025 18:19;;5;4,8;40;Basis-Tarif ;Privatkunden;2;CARL;RCA00341;Bezahlt;12,25;12,25;7,6;7,6;2,5;0;22,35;22,35
R001254;R-CA 107E;4;Sinzing;Sinzing / C112;2025-07;finished;28.07.2025 13:00;28.07.2025 14:00;28.07.2025 12:45;28.07.2025 13:41;;1;0,93;28;Basis-Tarif ;Privatkunden;2;CARL;RCA00341;Bezahlt;2,67;2,67;5,32;5,32;2,5;0;10,49;10,49
R001255;R-CA 107E;4;Sinzing;Sinzing / C112;2025-07;cancelled;29.07.2025 12:30;29.07.2025 13:30;;;28.07.2025 14:45;1;;;Basis-Tarif ;Privatkunden;2;CARL;RCA00341;Bezahlt;0;0;0;0;0;0;0;0
R001256;R-CA 107E;4;Sinzing;Sinzing / C112;2025-07;finished;30.07.2025 14:00;30.07.2025 19:00;30.07.2025 13:46;30.07.2025 18:57;;5;5,17;82;Basis-Tarif ;Privatkunden;2;CARL;RCA00341;Bezahlt;12,96;12,96;15,58;15,58;2,5;0;31,04;31,04
R001269;R-CA 107E;4;Sinzing;Sinzing / C112;2025-08;finished;05.08.2025 13:45;05.08.2025 17:45;05.08.2025 13:46;05.08.2025 17:11;;4;3,4;54;Basis-Tarif ;Privatkunden;2;CARL;RCA00391;Bezahlt;9,17;9,17;10,26;10,26;2,5;0;21,93;21,93
R001292;R-CA 107E;4;Sinzing;Sinzing / C112;2025-08;finished;01.08.2025 10:00;01.08.2025 12:00;01.08.2025 09:59;01.08.2025 11:48;;2;1,82;20;Basis-Tarif ;Privatkunden;2;CARL;RCA00391;Bezahlt;4,75;4,75;3,8;3,8;2,5;0;11,05;11,05
R001293;R-CA 107E;4;Sinzing;Sinzing / C112;2025-08;finished;02.08.2025 09:30;02.08.2025 11:30;02.08.2025 09:21;02.08.2025 11:29;;2;2,13;26;Basis-Tarif ;Privatkunden;2;CARL;RCA00391;Bezahlt;5,33;5,33;4,94;4,94;2,5;0;12,77;12,77
R001305;R-CA 107E;4;Sinzing;Sinzing / C112;2025-08;finished;04.08.2025 15:00;04.08.2025 20:00;04.08.2025 14:54;04.08.2025 19:18;;5;4,4;60;Basis-Tarif ;Privatkunden;2;CARL;RCA00391;Bezahlt;11,71;11,71;11,4;11,4;2,5;0;25,61;25,61
R001306;R-CA 107E;4;Sinzing;Sinzing / C112;2025-08;finished;07.08.2025 12:45;07.08.2025 17:45;07.08.2025 12:46;07.08.2025 17:43;;5;4,95;41;Basis-Tarif ;Privatkunden;2;CARL;RCA00391;Bezahlt;12,46;12,46;7,79;7,79;2,5;0;22,75;22,75
R001307;R-CA 107E;4;Sinzing;Sinzing / C112;2025-08;finished;05.08.2025 09:45;05.08.2025 12:45;05.08.2025 09:43;05.08.2025 12:41;;3;2,97;66;Basis-Tarif ;Privatkunden;2;CARL;RCA00356;Bezahlt;7,5;7,5;12,54;12,54;2,5;0;22,54;22,54
R001331;R-CA 107E;4;Sinzing;Sinzing / C112;2025-08;finished;09.08.2025 10:30;09.08.2025 12:00;09.08.2025 10:27;09.08.2025 11:55;;1,5;1,45;8;Basis-Tarif ;Privatkunden;2;CARL;RCA00356;Bezahlt;3,75;3,75;1,52;1,52;2,5;0;7,77;7,77
R001335;R-CA 107E;4;Sinzing;Sinzing / C112;2025-08;finished;09.08.2025 20:15;10.08.2025 07:45;09.08.2025 20:25;10.08.2025 07:44;;11,5;11,32;48;Basis-Tarif ;Privatkunden;2;CARL;RCA00376;Fehlgeschlagen;28,75;28,75;9,12;9,12;2,5;0;40,37;40,37
R001346;R-CA 107E;4;Sinzing;Sinzing / C112;2025-08;finished;11.08.2025 19:00;11.08.2025 20:00;11.08.2025 18:45;11.08.2025 19:45;;1;1;19;Basis-Tarif ;Privatkunden;2;CARL;RCA00391;Bezahlt;2,79;2,79;3,61;3,61;2,5;0;8,9;8,9
R001349;R-CA 107E;4;Sinzing;Sinzing / C112;2025-08;expired;13.08.2025 07:30;13.08.2025 09:00;;;;1,5;;;Basis-Tarif ;Privatkunden;2;CARL;RCA00358;Bezahlt;3,75;3,75;0;0;2,5;0;6,25;6,25
R001352;R-CA 107E;4;Sinzing;Sinzing / C112;2025-08;finished;13.08.2025 10:00;15.08.2025 12:00;13.08.2025 10:23;15.08.2025 11:31;;50;49,12;175;Basis-Tarif ;Privatkunden;2;CARL;RCA00382;Bezahlt;84,29;84,29;33,25;33,25;2,5;0;120,04;120,04
R001400;R-CA 107E;4;Sinzing;Sinzing / C112;2025-08;finished;23.08.2025 18:15;24.08.2025 04:00;23.08.2025 18:34;24.08.2025 03:48;;9,75;9,23;316;Eco-Tarif ;Sonstiges;5;CARL-ECO;RCA00371;Bezahlt;24,08;24,08;50,56;50,56;0;0;74,64;74,64
R001402;R-CA 107E;4;Sinzing;Sinzing / C112;2025-08;finished;26.08.2025 10:00;26.08.2025 13:00;26.08.2025 10:00;26.08.2025 12:19;;3;2,3;10;Basis-Tarif ;Privatkunden;2;CARL;RCA00356;Bezahlt;6,5;6,5;1,9;1,9;2,5;0;10,9;10,9
R001403;R-CA 107E;4;Sinzing;Sinzing / C112;2025-08;finished;23.08.2025 09:45;23.08.2025 11:00;23.08.2025 09:29;23.08.2025 11:00;;1,25;1,5;49;ÖPNV-Abo-Tarif ;Privatkunden;2;CARL;RCA00366;Bezahlt;3,75;3,75;9,31;9,31;2,5;0;15,56;5,56
R001406;R-CA 107E;4;Sinzing;Sinzing / C112;2025-09;finished;28.09.2025 10:30;28.09.2025 15:30;28.09.2025 10:27;28.09.2025 14:35;;5;4,12;117;Basis-Tarif ;Privatkunden;2;CARL;RCA00453;Bezahlt;11,21;11,21;22,23;22,23;2,5;0;35,94;35,94
R001408;R-CA 107E;4;Sinzing;Sinzing / C112;2025-08;finished;25.08.2025 12:00;25.08.2025 14:00;25.08.2025 11:44;25.08.2025 13:05;;2;1,35;21;Basis-Tarif ;Privatkunden;2;CARL;RCA00391;Bezahlt;4,33;4,33;3,99;3,99;2,5;0;10,82;10,82
R001409;R-CA 107E;4;Sinzing;Sinzing / C112;2025-08;cancelled;27.08.2025 12:00;27.08.2025 13:00;;;25.08.2025 14:21;1;;;Basis-Tarif ;Privatkunden;2;CARL;RCA00391;Bezahlt;0;0;0;0;0;0;0;0
R001410;R-CA 107E;4;Sinzing;Sinzing / C112;2025-08;cancelled;28.08.2025 14:00;28.08.2025 16:00;;;27.08.2025 21:56;2;;;Basis-Tarif ;Privatkunden;2;CARL;RCA00391;Bezahlt;0;0;0;0;0;0;0;0
R001413;R-CA 107E;4;Sinzing;Sinzing / C112;2025-08;finished;27.08.2025 19:00;27.08.2025 20:00;27.08.2025 18:41;27.08.2025 19:54;;1;1,22;21;Basis-Tarif ;Privatkunden;2;CARL;RCA00391;Bezahlt;3,13;3,13;3,99;3,99;2,5;0;9,62;9,62
R001425;R-CA 107E;4;Sinzing;Sinzing / C112;2025-09;finished;02.09.2025 10:00;02.09.2025 12:15;02.09.2025 10:00;02.09.2025 11:58;;2,25;1,97;10;Basis-Tarif ;Privatkunden;2;CARL;RCA00410;Bezahlt;5,21;5,21;1,9;1,9;2,5;0;9,61;9,61
R001427;R-CA 107E;4;Sinzing;Sinzing / C112;2025-09;finished;16.09.2025 07:30;16.09.2025 16:30;16.09.2025 07:16;16.09.2025 15:57;;9;8,68;63;Basis-Tarif ;Privatkunden;2;CARL;RCA00452;Bezahlt;22,25;22,25;11,97;11,97;2,5;0;36,72;36,72
R001434;R-CA 107E;4;Sinzing;Sinzing / C112;2025-09;finished;03.09.2025 16:30;03.09.2025 21:00;03.09.2025 16:31;03.09.2025 20:39;;4,5;4,13;25;Basis-Tarif ;Privatkunden;2;CARL;RCA00403;Bezahlt;10,75;10,75;4,75;4,75;2,5;0;18;18
R001435;R-CA 107E;4;Sinzing;Sinzing / C112;2025-09;cancelled;04.09.2025 17:15;04.09.2025 19:45;;;03.09.2025 21:44;2,5;;;Basis-Tarif ;Privatkunden;2;CARL;RCA00403;Bezahlt;0;0;0;0;0;0;0;0
R001436;R-CA 107E;4;Sinzing;Sinzing / C112;2025-08;cancelled;30.08.2025 17:00;30.08.2025 20:30;;;30.08.2025 11:29;3,5;;;Basis-Tarif ;Privatkunden;2;CARL;RCA00353;Bezahlt;3,5;3,5;0;0;2,5;0;6;6
R001455;R-CA 107E;4;Sinzing;Sinzing / C112;2025-09;finished;04.09.2025 08:00;04.09.2025 10:00;04.09.2025 08:06;04.09.2025 09:29;;2;1,37;25;Basis-Tarif ;Privatkunden;2;CARL;RCA00435;Bezahlt;4,25;4,25;4,75;4,75;2,5;0;11,5;11,5
R001459;R-CA 107E;4;Sinzing;Sinzing / C112;2025-09;finished;15.09.2025 10:45;15.09.2025 12:15;15.09.2025 10:49;15.09.2025 11:06;;1,5;0,27;0;Kommunal-Tarif Servicefahrten;Fahrzeugbetreuung;1;FREE;;Keine Zahlung;0;0;0;0;0;0;0;0
R001469;R-CA 107E;4;Sinzing;Sinzing / C112;2025-09;finished;05.09.2025 14:00;05.09.2025 17:00;05.09.2025 13:58;05.09.2025 18:02;;3;4,07;28;Basis-Tarif ;Privatkunden;2;CARL;RCA00435;Bezahlt;10,17;10,17;5,32;5,32;2,5;20;37,99;37,99
R001473;R-CA 107E;4;Sinzing;Sinzing / C112;2025-09;finished;06.09.2025 13:00;06.09.2025 18:00;06.09.2025 13:02;06.09.2025 16:24;;5;3,35;91;Basis-Tarif ;Privatkunden;2;CARL;RCA00435;Bezahlt;10,08;10,08;17,29;17,29;2,5;0;29,87;29,87
R001488;R-CA 107E;4;Sinzing;Sinzing / C112;2025-09;finished;09.09.2025 17:00;09.09.2025 19:00;09.09.2025 16:58;09.09.2025 20:42;;2;3,73;24;Basis-Tarif ;Privatkunden;2;CARL;RCA00435;Bezahlt;9,38;9,38;4,56;4,56;2,5;20;36,44;36,44
R001489;R-CA 107E;4;Sinzing;Sinzing / C112;2025-09;finished;10.09.2025 08:15;10.09.2025 13:15;10.09.2025 08:14;10.09.2025 13:13;;5;4,98;21;Basis-Tarif ;Privatkunden;2;CARL;RCA00435;Bezahlt;12,5;12,5;3,99;3,99;2,5;0;18,99;18,99
R001490;R-CA 107E;4;Sinzing;Sinzing / C112;2025-09;finished;11.09.2025 14:45;11.09.2025 21:45;11.09.2025 14:45;11.09.2025 20:40;;7;5,92;65;ÖPNV-Abo-Tarif ;Privatkunden;2;CARL;RCA00429;Bezahlt;15,92;15,92;12,35;12,35;2,5;0;30,77;20,77
R001505;R-CA 107E;4;Sinzing;Sinzing / C112;2025-09;finished;14.09.2025 09:00;14.09.2025 09:45;14.09.2025 08:46;14.09.2025 08:46;;0,75;0;0;Basis-Tarif ;Privatkunden;2;CARL;RCA00438;Bezahlt;0;0;0;0;0;0;0;0
R001521;R-CA 107E;4;Sinzing;Sinzing / C112;2025-09;cancelled;19.09.2025 08:30;19.09.2025 12:00;;;19.09.2025 08:41;3,5;;;Basis-Tarif ;Privatkunden;2;CARL;RCA00411;Bezahlt;3,79;3,79;0;0;2,5;0;6,29;6,29
R001537;R-CA 107E;4;Sinzing;Sinzing / C112;2025-09;cancelled;17.09.2025 07:30;17.09.2025 12:30;;;17.09.2025 06:04;5;;;Basis-Tarif ;Privatkunden;2;CARL;RCA00412;Bezahlt;5;5;0;0;2,5;0;7,5;7,5
R001556;R-CA 107E;4;Sinzing;Sinzing / C112;2025-09;finished;23.09.2025 08:00;23.09.2025 10:30;23.09.2025 08:00;23.09.2025 10:15;;2,5;2,23;34;Basis-Tarif ;Privatkunden;2;CARL;RCA00410;Bezahlt;5,88;5,88;6,46;6,46;2,5;0;14,84;14,84
R001567;R-CA 107E;4;Sinzing;Sinzing / C112;2025-09;cancelled;24.09.2025 14:00;24.09.2025 16:00;;;24.09.2025 11:44;2;;;Basis-Tarif ;Privatkunden;2;CARL;RCA00452;Bezahlt;2;2;0;0;2,5;0;4,5;4,5
R001577;R-CA 107E;4;Sinzing;Sinzing / C112;2025-09;finished;26.09.2025 07:00;26.09.2025 12:30;26.09.2025 06:56;26.09.2025 12:11;;5,5;5,25;23;Basis-Tarif ;Privatkunden;2;CARL;RCA00435;Bezahlt;13,46;13,46;4,37;4,37;2,5;0;20,33;20,33
R001593;R-CA 107E;4;Sinzing;Sinzing / C112;2025-09;finished;29.09.2025 11:00;29.09.2025 12:00;29.09.2025 11:02;29.09.2025 11:21;;1;0,32;0;Kommunal-Tarif Servicefahrten;Fahrzeugbetreuung;1;FREE;;Keine Zahlung;0;0;0;0;0;0;0;0
R001612;R-CA 107E;4;Sinzing;Sinzing / C112;2025-09;finished;29.09.2025 17:00;29.09.2025 20:00;29.09.2025 17:05;29.09.2025 19:39;;3;2,55;20;Basis-Tarif ;Privatkunden;2;CARL;RCA00452;Bezahlt;7;7;3,8;3,8;2,5;0;13,3;13,3
R001620;R-CA 107E;4;Sinzing;Sinzing / C112;2025-09;finished;30.09.2025 11:00;30.09.2025 12:00;30.09.2025 10:58;30.09.2025 11:42;;1;0,73;2;Basis-Tarif ;Privatkunden;2;CARL;RCA00415;Bezahlt;2,13;2,13;0,38;0,38;2,5;0;5,01;1,01
R001108;R-CA 125E;9;Pentling;Pentling / C108;2025-07;finished;01.07.2025 17:30;01.07.2025 19:00;01.07.2025 17:32;01.07.2025 18:52;;1,5;1,33;2;Studierenden-Tarif ;Privatkunden;2;CARL;RCA00345;Bezahlt;3,58;3,58;0,38;0,38;2,5;0;6,46;0
R001112;R-CA 125E;9;Pentling;Pentling / C108;2025-07;finished;02.07.2025 18:00;02.07.2025 20:00;02.07.2025 17:47;02.07.2025 19:54;;2;2,12;12;Basis-Tarif ;Privatkunden;2;CARL;RCA00343;Bezahlt;5,42;5,42;2,28;2,28;2,5;0;10,2;10,2
R001116;R-CA 125E;9;Pentling;Pentling / C108;2025-07;finished;03.07.2025 06:45;03.07.2025 09:30;03.07.2025 06:38;03.07.2025 09:27;;2,75;2,82;13;Studierenden-Tarif ;Privatkunden;2;CARL;RCA00345;Bezahlt;7,08;7,08;2,47;2,47;2,5;0;12,05;8,51
R001119;R-CA 125E;9;Pentling;Pentling / C108;2025-07;finished;03.07.2025 10:45;03.07.2025 12:00;03.07.2025 10:36;03.07.2025 11:26;;1,25;0,83;1;Kommunal-Tarif Servicefahrten;Fahrzeugbetreuung;1;FREE;;Keine Zahlung;0;0;0;0;0;0;0;0
R001123;R-CA 125E;9;Pentling;Pentling / C108;2025-07;finished;03.07.2025 18:00;03.07.2025 21:00;03.07.2025 18:36;03.07.2025 20:34;;3;1,95;37;Basis-Tarif ;Privatkunden;2;CARL;RCA00299;Bezahlt;6,83;6,83;7,03;7,03;2,5;0;16,36;16,36
R001128;R-CA 125E;9;Pentling;Pentling / C108;2025-07;finished;05.07.2025 13:45;05.07.2025 17:45;05.07.2025 13:46;05.07.2025 17:24;;4;3,62;99;Studierenden-Tarif ;Privatkunden;2;CARL;RCA00288;Bezahlt;9,5;9,5;18,81;18,81;2,5;0;30,81;0,81
R001144;R-CA 125E;9;Pentling;Pentling / C108;2025-07;cancelled;23.07.2025 13:45;23.07.2025 15:45;;;21.07.2025 22:58;2;;;Basis-Tarif ;Privatkunden;2;CARL;RCA00299;Bezahlt;0;0;0;0;0;0;0;0
R001146;R-CA 125E;9;Pentling;Pentling / C108;2025-07;finished;11.07.2025 17:00;12.07.2025 00:00;11.07.2025 17:46;12.07.2025 00:15;;7;6,47;200;ÖPNV-Abo-Tarif ;Privatkunden;2;CARL;RCA00337;Bezahlt;18,13;18,13;38;38;2,5;5;63,63;53,63
R001189;R-CA 125E;9;Pentling;Pentling / C108;2025-07;finished;15.07.2025 20:15;15.07.2025 23:00;15.07.2025 20:22;15.07.2025 23:02;;2,75;2,65;134;Basis-Tarif ;Privatkunden;2;CARL;RCA00323;Fehlgeschlagen;6,96;6,96;25,46;25,46;2,5;0;34,92;34,92
R001194;R-CA 125E;9;Pentling;Pentling / C108;2025-07;finished;25.07.2025 11:00;25.07.2025 23:00;25.07.2025 11:26;25.07.2025 23:07;;12;11,68;204;Studierenden-Tarif ;Privatkunden;2;CARL;RCA00287;Bezahlt;30,33;30,33;38,76;38,76;2,5;0;71,59;61,59
R001205;R-CA 125E;9;Pentling;Pentling / C108;2025-07;finished;17.07.2025 09:45;18.07.2025 09:45;17.07.2025 10:30;17.07.2025 23:39;;24;13,13;99;Basis-Tarif ;Privatkunden;2;CARL;RCA00323;Fehlgeschlagen;40;40;18,81;18,81;2,5;0;61,31;61,31
R001217;R-CA 125E;9;Pentling;Pentling / C108;2025-07;finished;19.07.2025 15:00;19.07.2025 23:45;19.07.2025 15:10;19.07.2025 23:25;;8,75;8,23;141;Basis-Tarif ;Privatkunden;2;CARL;RCA00277;Bezahlt;21,38;21,38;26,79;26,79;2,5;0;50,67;50,67
R001219;R-CA 125E;9;Pentling;Pentling / C108;2025-07;finished;19.07.2025 23:45;21.07.2025 09:00;19.07.2025 23:40;21.07.2025 07:16;;33,25;31,58;145;Basis-Tarif ;Privatkunden;2;CARL;RCA00323;Fehlgeschlagen;60,71;60,71;27,55;27,55;2,5;0;90,76;90,76
R001223;R-CA 125E;9;Pentling;Pentling / C108;2025-07;finished;21.07.2025 18:00;21.07.2025 19:30;21.07.2025 18:07;21.07.2025 19:25;;1,5;1,28;13;Basis-Tarif ;Privatkunden;2;CARL;RCA00331;Bezahlt;3,63;3,63;2,47;2,47;2,5;0;8,6;8,6
R001225;R-CA 125E;9;Pentling;Pentling / C108;2025-07;finished;22.07.2025 13:00;22.07.2025 16:15;22.07.2025 12:52;22.07.2025 16:10;;3,25;3,28;37;Studierenden-Tarif ;Privatkunden;2;CARL;RCA00345;Bezahlt;8,29;8,29;7,03;7,03;2,5;0;17,82;17,82
R001235;R-CA 125E;9;Pentling;Pentling / C108;2025-07;finished;24.07.2025 13:00;24.07.2025 14:00;24.07.2025 13:38;24.07.2025 13:48;;1;0,15;0;Betreiber-Tarif GFN-Servicefahrten;Fahrzeugsteller;1;FREE;;Keine Zahlung;0;0;0;0;0;0;0;0
R001257;R-CA 125E;9;Pentling;Pentling / C108;2025-07;finished;26.07.2025 12:00;26.07.2025 15:30;26.07.2025 12:16;26.07.2025 14:43;;3,5;2,45;12;Studierenden-Tarif ;Privatkunden;2;CARL;RCA00287;Bezahlt;7,58;7,58;2,28;2,28;2,5;0;12,36;12,36
R001258;R-CA 125E;9;Pentling;Pentling / C108;2025-07;finished;26.07.2025 19:30;26.07.2025 20:30;26.07.2025 19:30;26.07.2025 20:26;;1;0,93;29;Studierenden-Tarif ;Privatkunden;2;CARL;RCA00306;Offen;2,42;2,42;5,51;5,51;2,5;0;10,43;0,43
R001262;R-CA 125E;9;Pentling;Pentling / C108;2025-07;finished;27.07.2025 13:15;27.07.2025 15:30;27.07.2025 13:01;27.07.2025 15:26;;2,25;2,42;39;ÖPNV-Abo-Tarif ;Privatkunden;2;CARL;RCA00336;Bezahlt;6,13;6,13;7,41;7,41;2,5;0;16,04;6,04
R001264;R-CA 125E;9;Pentling;Pentling / C108;2025-07;finished;27.07.2025 21:00;31.07.2025 12:45;27.07.2025 20:48;31.07.2025 12:44;;87,75;87,92;261;Basis-Tarif ;Privatkunden;2;CARL;RCA00323;Fehlgeschlagen;159,79;159,79;49,59;49,59;2,5;0;211,88;211,88
R001267;R-CA 125E;9;Pentling;Pentling / C108;2025-07;finished;31.07.2025 15:00;31.07.2025 23:00;31.07.2025 14:58;31.07.2025 22:06;;8;7,12;59;ÖPNV-Abo-Tarif ;Privatkunden;2;CARL;RCA00289;Bezahlt;18,75;18,75;11,21;11,21;2,5;0;32,46;22,46
R001287;R-CA 125E;9;Pentling;Pentling / C108;2025-08;finished;31.07.2025 23:30;01.08.2025 17:00;31.07.2025 23:48;01.08.2025 16:59;;17,5;17,18;89;Basis-Tarif ;Privatkunden;2;CARL;RCA00376;Fehlgeschlagen;40;40;16,91;16,91;2,5;0;59,41;59,41
R001289;R-CA 125E;9;Pentling;Pentling / C108;2025-08;finished;11.08.2025 07:00;12.08.2025 11:00;11.08.2025 07:46;12.08.2025 09:30;;28;25,73;28;Betreiber-Tarif GFN-Servicefahrten;Fahrzeugsteller;1;FREE;;Keine Zahlung;0;0;0;0;0;0;0;0
R001291;R-CA 125E;9;Pentling;Pentling / C108;2025-08;finished;01.08.2025 17:30;02.08.2025 00:00;01.08.2025 17:43;02.08.2025 00:00;;6,5;6,27;87;Basis-Tarif ;Privatkunden;2;CARL;RCA00381;Bezahlt;16,25;16,25;16,53;16,53;2,5;0;35,28;35,28
R001298;R-CA 125E;9;Pentling;Pentling / C108;2025-08;finished;02.08.2025 00:00;02.08.2025 00:15;02.08.2025 00:02;02.08.2025 00:03;;0,25;0;0;Basis-Tarif ;Privatkunden;2;CARL;RCA00381;Bezahlt;0;0;0;0;0;0;0;0
R001301;R-CA 125E;9;Pentling;Pentling / C108;2025-08;finished;02.08.2025 18:30;02.08.2025 21:30;02.08.2025 20:05;02.08.2025 20:57;;3;0,87;15;Basis-Tarif ;Privatkunden;2;CARL;RCA00381;Bezahlt;6,71;6,71;2,85;2,85;2,5;0;12,06;12,06
R001308;R-CA 125E;9;Pentling;Pentling / C108;2025-08;finished;03.08.2025 22:15;03.08.2025 23:30;03.08.2025 22:02;03.08.2025 23:21;;1,25;1,32;25;Basis-Tarif ;Privatkunden;2;CARL;RCA00357;Bezahlt;3,42;3,42;4,75;4,75;2,5;0;10,67;10,67
R001309;R-CA 125E;9;Pentling;Pentling / C108;2025-08;expired;04.08.2025 12:00;04.08.2025 12:30;;;;0,5;;;Betreiber-Tarif GFN-Servicefahrten;Fahrzeugsteller;1;FREE;;Keine Zahlung;0;0;0;0;0;0;0;0
R001313;R-CA 125E;9;Pentling;Pentling / C108;2025-08;finished;05.08.2025 07:45;05.08.2025 09:15;05.08.2025 07:47;05.08.2025 09:06;;1,5;1,3;32;Basis-Tarif ;Privatkunden;2;CARL;RCA00355;Bezahlt;3,54;3,54;6,08;6,08;2,5;0;12,12;12,12
R001319;R-CA 125E;9;Pentling;Pentling / C108;2025-08;finished;05.08.2025 23:45;07.08.2025 09:45;06.08.2025 00:18;07.08.2025 07:25;;34;31,12;211;Basis-Tarif ;Privatkunden;2;CARL;RCA00376;Fehlgeschlagen;61,54;61,54;40,09;40,09;2,5;0;104,13;104,13
R001326;R-CA 125E;9;Pentling;Pentling / C108;2025-08;finished;07.08.2025 10:15;07.08.2025 12:00;07.08.2025 09:59;07.08.2025 11:44;;1,75;1,73;1;Kommunal-Tarif Servicefahrten;Fahrzeugbetreuung;1;FREE;;Keine Zahlung;0;0;0;0;0;0;0;0
R001329;R-CA 125E;9;Pentling;Pentling / C108;2025-08;finished;07.08.2025 20:45;08.08.2025 07:00;07.08.2025 20:47;08.08.2025 06:49;;10,25;10,03;77;Basis-Tarif ;Privatkunden;2;CARL;RCA00376;Fehlgeschlagen;25,38;25,38;14,63;14,63;2,5;0;42,51;42,51
R001333;R-CA 125E;9;Pentling;Pentling / C108;2025-08;finished;09.08.2025 06:30;09.08.2025 20:30;09.08.2025 06:19;09.08.2025 20:41;;14;14,37;148;Basis-Tarif ;Privatkunden;2;CARL;RCA00376;Fehlgeschlagen;35,92;35,92;28,12;28,12;2,5;0;66,54;66,54
R001334;R-CA 125E;9;Pentling;Pentling / C108;2025-08;finished;09.08.2025 21:00;09.08.2025 21:15;09.08.2025 20:59;09.08.2025 21:00;;0,25;0,02;0;Basis-Tarif ;Privatkunden;2;CARL;RCA00355;Bezahlt;0;0;0;0;0;0;0;0
R001338;R-CA 125E;9;Pentling;Pentling / C108;2025-08;finished;10.08.2025 07:00;11.08.2025 06:00;10.08.2025 06:58;11.08.2025 06:00;;23;23,02;164;Basis-Tarif ;Privatkunden;2;CARL;RCA00376;Fehlgeschlagen;40;40;31,16;31,16;2,5;0;73,66;73,66
R001343;R-CA 125E;9;Pentling;Pentling / C108;2025-08;finished;15.08.2025 14:00;15.08.2025 23:45;15.08.2025 14:36;15.08.2025 23:34;;9,75;8,95;267;Basis-Tarif ;Privatkunden;2;CARL;RCA00379;Bezahlt;24,13;24,13;50,73;50,73;2,5;0;77,36;77,36
R001356;R-CA 125E;9;Pentling;Pentling / C108;2025-08;finished;17.08.2025 14:30;17.08.2025 21:30;17.08.2025 14:27;17.08.2025 21:26;;7;6,98;36;Studierenden-Tarif ;Privatkunden;2;CARL;RCA00368;Bezahlt;17,54;17,54;6,84;6,84;2,5;0;26,88;16,88
R001371;R-CA 125E;9;Pentling;Pentling / C108;2025-08;cancelled;16.08.2025 10:00;16.08.2025 16:00;;;15.08.2025 15:52;6;;;Basis-Tarif ;Privatkunden;2;CARL;;;0;0;0;0;0;0;0;0
R001374;R-CA 125E;9;Pentling;Pentling / C108;2025-08;finished;16.08.2025 15:00;16.08.2025 18:30;16.08.2025 14:45;16.08.2025 18:28;;3,5;3,7;30;ÖPNV-Abo-Tarif ;Privatkunden;2;CARL;RCA00388;Bezahlt;9,29;9,29;5,7;5,7;2,5;0;17,49;7,49
R001375;R-CA 125E;9;Pentling;Pentling / C108;2025-08;cancelled;17.08.2025 08:00;17.08.2025 12:00;;;16.08.2025 19:40;4;;;Basis-Tarif ;Privatkunden;2;CARL;;;0;0;0;0;0;0;0;0
R001378;R-CA 125E;9;Pentling;Pentling / C108;2025-08;finished;18.08.2025 13:15;18.08.2025 16:15;18.08.2025 13:22;18.08.2025 15:19;;3;1,93;26;Basis-Tarif ;Privatkunden;2;CARL;RCA00381;Bezahlt;6,08;6,08;4,94;4,94;2,5;0;13,52;13,52
R001383;R-CA 125E;9;Pentling;Pentling / C108;2025-08;finished;17.08.2025 22:00;17.08.2025 22:30;17.08.2025 21:59;17.08.2025 22:00;;0,5;0;0;Studierenden-Tarif ;Privatkunden;2;CARL;RCA00368;Bezahlt;0;0;0;0;0;0;0;0
R001386;R-CA 125E;9;Pentling;Pentling / C108;2025-08;cancelled;23.08.2025 13:00;24.08.2025 02:00;;;22.08.2025 19:37;13;;;Eco-Tarif ;Sonstiges;5;CARL-ECO;RCA00371;Bezahlt;0;0;0;0;0;0;0;0
R001393;R-CA 125E;9;Pentling;Pentling / C108;2025-08;cancelled;22.08.2025 17:15;22.08.2025 19:45;;;20.08.2025 17:46;2,5;;;Basis-Tarif ;Privatkunden;2;CARL;;;0;0;0;0;0;0;0;0
R001399;R-CA 125E;9;Pentling;Pentling / C108;2025-08;finished;22.08.2025 14:30;22.08.2025 18:30;22.08.2025 15:34;22.08.2025 18:19;;4;2,73;47;Eco-Tarif ;Sonstiges;5;CARL-ECO;RCA00371;Bezahlt;9,71;9,71;7,52;7,52;0;0;17,23;17,23
R001419;R-CA 125E;9;Pentling;Pentling / C108;2025-08;expired;25.08.2025 09:00;26.08.2025 14:00;;;;29;;;Betreiber-Tarif GFN-Servicefahrten;Fahrzeugsteller;1;FREE;;Keine Zahlung;0;0;0;0;0;0;0;0
R001428;R-CA 125E;9;Pentling;Pentling / C108;2025-08;finished;29.08.2025 10:30;29.08.2025 12:30;29.08.2025 10:35;29.08.2025 11:49;;2;1,22;8;Studierenden-Tarif ;Privatkunden;2;CARL;RCA00393;Bezahlt;4;4;1,52;1,52;2,5;0;8,02;0
R001438;R-CA 125E;9;Pentling;Pentling / C108;2025-08;finished;30.08.2025 13:00;30.08.2025 14:45;30.08.2025 13:00;30.08.2025 14:19;;1,75;1,3;3;Basis-Tarif ;Privatkunden;2;CARL;RCA00379;Bezahlt;3,71;3,71;0,57;0,57;2,5;0;6,78;6,78
R001439;R-CA 125E;9;Pentling;Pentling / C108;2025-08;finished;30.08.2025 15:45;30.08.2025 18:45;30.08.2025 15:48;30.08.2025 18:44;;3;2,93;14;Studierenden-Tarif ;Privatkunden;2;CARL;RCA00393;Bezahlt;7,46;7,46;2,66;2,66;2,5;0;12,62;10,64
R001456;R-CA 125E;9;Pentling;Pentling / C108;2025-09;finished;02.09.2025 18:30;02.09.2025 20:30;02.09.2025 18:36;02.09.2025 19:51;;2;1,23;30;Studierenden-Tarif ;Privatkunden;2;CARL;RCA00401;Bezahlt;4,04;4,04;5,7;5,7;2,5;0;12,24;2,24
R001457;R-CA 125E;9;Pentling;Pentling / C108;2025-09;finished;04.09.2025 08:00;04.09.2025 12:00;04.09.2025 08:17;04.09.2025 12:00;;4;3,7;12;Kommunal-Tarif Servicefahrten;Fahrzeugbetreuung;1;FREE;;Keine Zahlung;0;0;0;0;0;0;0;0
R001465;R-CA 125E;9;Pentling;Pentling / C108;2025-09;finished;04.09.2025 15:00;04.09.2025 16:00;04.09.2025 14:58;04.09.2025 15:40;;1;0,7;17;Basis-Tarif ;Privatkunden;2;CARL;RCA00416;Bezahlt;2,08;2,08;3,23;3,23;2,5;0;7,81;7,81
R001495;R-CA 125E;9;Pentling;Pentling / C108;2025-09;finished;12.09.2025 15:00;12.09.2025 20:00;12.09.2025 14:34;12.09.2025 19:06;;5;4,53;217;Basis-Tarif ;Privatkunden;2;CARL;RCA00438;Bezahlt;12,25;12,25;41,23;41,23;2,5;0;55,98;55,98
R001504;R-CA 125E;9;Pentling;Pentling / C108;2025-09;cancelled;19.09.2025 09:00;21.09.2025 23:45;;;15.09.2025 04:06;62,75;;;ÖPNV-Abo-Tarif ;Privatkunden;2;CARL;;Keine Zahlung;0;0;0;0;0;0;0;0
R001506;R-CA 125E;9;Pentling;Pentling / C108;2025-09;finished;14.09.2025 09:00;14.09.2025 10:00;14.09.2025 09:02;14.09.2025 09:03;;1;0;0;Basis-Tarif ;Privatkunden;2;CARL;RCA00438;Bezahlt;0;0;0;0;0;0;0;0
R001515;R-CA 125E;9;Pentling;Pentling / C108;2025-09;cancelled;16.09.2025 15:30;16.09.2025 21:30;;;16.09.2025 12:49;6;;;Basis-Tarif ;Privatkunden;2;CARL;RCA00416;Bezahlt;6;6;0;0;2,5;0;8,5;8,5
R001518;R-CA 125E;9;Pentling;Pentling / C108;2025-09;finished;16.09.2025 11:00;16.09.2025 13:00;16.09.2025 10:58;16.09.2025 12:19;;2;1,35;31;Basis-Tarif ;Privatkunden;2;CARL;RCA00416;Bezahlt;4,04;4,04;5,89;5,89;2,5;0;12,43;12,43
R001543;R-CA 125E;9;Pentling;Pentling / C108;2025-09;finished;22.09.2025 08:30;22.09.2025 10:00;22.09.2025 08:36;22.09.2025 09:43;;1,5;1,12;26;Basis-Tarif ;Privatkunden;2;CARL;RCA00443;Bezahlt;3,33;3,33;4,94;4,94;2,5;0;10,77;10,77
R001544;R-CA 125E;9;Pentling;Pentling / C108;2025-09;finished;20.09.2025 07:30;20.09.2025 19:45;20.09.2025 07:31;20.09.2025 18:22;;12,25;10,85;188;Basis-Tarif ;Privatkunden;2;CARL;RCA00443;Bezahlt;28,58;28,58;35,72;35,72;2,5;0;66,8;66,8
R001565;R-CA 125E;9;Pentling;Pentling / C108;2025-09;finished;27.09.2025 10:00;27.09.2025 15:00;27.09.2025 10:02;27.09.2025 14:48;;5;4,75;63;Studierenden-Tarif ;Privatkunden;2;CARL;RCA00427;Bezahlt;12,21;12,21;11,97;11,97;2,5;0;26,68;16,68
R001566;R-CA 125E;9;Pentling;Pentling / C108;2025-09;finished;24.09.2025 15:00;24.09.2025 21:30;24.09.2025 15:32;24.09.2025 21:04;;6,5;5,52;41;Basis-Tarif ;Privatkunden;2;CARL;RCA00407;Bezahlt;15,58;15,58;7,79;7,79;2,5;0;25,87;25,87
R001568;R-CA 125E;9;Pentling;Pentling / C108;2025-09;finished;23.09.2025 18:45;23.09.2025 19:45;23.09.2025 18:51;23.09.2025 19:40;;1;0,82;15;Basis-Tarif ;Privatkunden;2;CARL;RCA00441;Bezahlt;2,42;2,42;2,85;2,85;2,5;0;7,77;7,77
R001571;R-CA 125E;9;Pentling;Pentling / C108;2025-09;finished;24.09.2025 08:00;24.09.2025 14:00;24.09.2025 08:08;24.09.2025 13:29;;6;5,33;98;Basis-Tarif ;Privatkunden;2;CARL;RCA00408;Bezahlt;14,21;14,21;18,62;18,62;2,5;0;35,33;30,33
R001573;R-CA 125E;9;Pentling;Pentling / C108;2025-09;cancelled;25.09.2025 14:30;25.09.2025 19:30;;;25.09.2025 07:02;5;;;Basis-Tarif ;Privatkunden;2;CARL;RCA00407;Bezahlt;5;5;0;0;2,5;0;7,5;7,5
R001615;R-CA 125E;9;Pentling;Pentling / C108;2025-09;finished;30.09.2025 06:30;30.09.2025 18:30;30.09.2025 07:16;30.09.2025 18:41;;12;11,4;216;Basis-Tarif ;Privatkunden;2;CARL;RCA00438;Bezahlt;30,46;30,46;41,04;41,04;2,5;0;74;74
R000359;R-CA 135E;6;Neutraubling;Neutraubling / C113;2025-07;finished;27.07.2025 08:00;27.07.2025 18:00;27.07.2025 08:21;27.07.2025 17:32;;10;9,17;322;Basis-Tarif ;Privatkunden;2;CARL;RCA00303;Bezahlt;24,33;24,33;61,18;61,18;2,5;0;88,01;88,01
R000360;R-CA 135E;6;Neutraubling;Neutraubling / C113;2025-07;finished;05.07.2025 14:00;06.07.2025 01:00;05.07.2025 14:41;06.07.2025 00:23;;11;9,68;191;Basis-Tarif ;Privatkunden;2;CARL;RCA00303;Bezahlt;26,58;26,58;36,29;36,29;2,5;0;65,37;65,37
R000361;R-CA 135E;6;Neutraubling;Neutraubling / C113;2025-08;finished;03.08.2025 08:00;03.08.2025 22:00;03.08.2025 08:22;03.08.2025 20:55;;14;12,55;255;Basis-Tarif ;Privatkunden;2;CARL;RCA00362;Bezahlt;33,42;33,42;48,45;48,45;2,5;0;84,37;84,37
R000396;R-CA 135E;6;Neutraubling;Neutraubling / C113;2025-08;finished;14.08.2025 14:00;14.08.2025 17:00;14.08.2025 15:21;14.08.2025 17:24;;3;2,05;18;Basis-Tarif ;Privatkunden;2;CARL;RCA00362;Bezahlt;8,54;8,54;3,42;3,42;2,5;5;19,46;19,46
R000794;R-CA 135E;6;Neutraubling;Neutraubling / C113;2025-07;finished;06.07.2025 20:00;07.07.2025 22:00;06.07.2025 20:26;07.07.2025 21:30;;26;25,05;66;Eco-Tarif ;Sonstiges;5;CARL-ECO;RCA00321;Bezahlt;44,25;44,25;10,56;10,56;0;0;54,81;54,81
R000806;R-CA 135E;6;Neutraubling;Neutraubling / C113;2025-09;finished;05.09.2025 15:00;06.09.2025 14:45;05.09.2025 15:28;06.09.2025 14:39;;23,75;23,17;314;Basis-Tarif ;Privatkunden;2;CARL;RCA00419;Bezahlt;40;40;59,66;59,66;2,5;0;102,16;102,16
R000865;R-CA 135E;6;Neutraubling;Neutraubling / C113;2025-07;cancelled;20.07.2025 20:00;21.07.2025 22:00;;;19.07.2025 20:47;26;;;Eco-Tarif ;Sonstiges;5;CARL-ECO;RCA00321;Bezahlt;0;0;0;0;0;0;0;0
R000944;R-CA 135E;6;Neutraubling;Neutraubling / C113;2025-09;finished;19.09.2025 18:00;20.09.2025 20:00;19.09.2025 21:53;20.09.2025 19:25;;26;21,52;113;Eco-Tarif ;Sonstiges;5;CARL-ECO;RCA00434;Bezahlt;44,17;44,17;18,08;18,08;0;0;62,25;62,25
R001043;R-CA 135E;6;Neutraubling;Neutraubling / C113;2025-07;cancelled;27.07.2025 20:00;28.07.2025 22:00;;;25.07.2025 20:38;26;;;Eco-Tarif ;Sonstiges;5;CARL-ECO;RCA00321;Bezahlt;0;0;0;0;0;0;0;0
R001044;R-CA 135E;6;Neutraubling;Neutraubling / C113;2025-08;cancelled;24.08.2025 20:00;25.08.2025 22:00;;;17.08.2025 21:22;26;;;Eco-Tarif ;Sonstiges;5;CARL-ECO;RCA00375;Bezahlt;0;0;0;0;0;0;0;0
R001045;R-CA 135E;6;Neutraubling;Neutraubling / C113;2025-08;cancelled;31.08.2025 20:00;01.09.2025 22:00;;;17.08.2025 21:25;26;;;Eco-Tarif ;Sonstiges;5;CARL-ECO;RCA00375;Bezahlt;0;0;0;0;0;0;0;0
R001082;R-CA 135E;6;Neutraubling;Neutraubling / C113;2025-07;finished;08.07.2025 09:30;08.07.2025 13:00;08.07.2025 09:37;08.07.2025 11:59;;3,5;2,37;22;Firmen-Tarif Dienstfahrten;Firmenkunden;4;CARL-KOMMUNEN;RCA00286;Offen;7,25;7,25;4,18;4,18;0;0;11,43;11,43
R001096;R-CA 135E;6;Neutraubling;Neutraubling / C113;2025-07;cancelled;12.07.2025 13:00;12.07.2025 15:00;;;10.07.2025 19:17;2;;;Basis-Tarif ;Privatkunden;2;CARL;RCA00303;Bezahlt;0;0;0;0;0;0;0;0
R001099;R-CA 135E;6;Neutraubling;Neutraubling / C113;2025-07;finished;01.07.2025 10:00;01.07.2025 11:30;01.07.2025 10:02;01.07.2025 11:29;;1,5;1,45;2;Kommunal-Tarif Servicefahrten;Fahrzeugbetreuung;1;FREE;;Keine Zahlung;0;0;0;0;0;0;0;0
R001106;R-CA 135E;6;Neutraubling;Neutraubling / C113;2025-07;finished;06.07.2025 10:00;06.07.2025 13:15;06.07.2025 10:02;06.07.2025 12:52;;3,25;2,82;19;Basis-Tarif ;Privatkunden;2;CARL;RCA00297;Bezahlt;7,54;7,54;3,61;3,61;2,5;0;13,65;13,65
R001107;R-CA 135E;6;Neutraubling;Neutraubling / C113;2025-07;finished;02.07.2025 17:30;02.07.2025 21:30;02.07.2025 17:30;02.07.2025 21:20;;4;3,83;41;ÖPNV-Abo-Tarif ;Privatkunden;2;CARL;RCA00278;Bezahlt;9,79;9,79;7,79;7,79;2,5;0;20,08;10,08
R001121;R-CA 135E;6;Neutraubling;Neutraubling / C113;2025-07;finished;10.07.2025 12:30;10.07.2025 15:30;10.07.2025 12:31;10.07.2025 15:07;;3;2,6;19;Firmen-Tarif Dienstfahrten;Firmenkunden;4;CARL-KOMMUNEN;RCA00286;Offen;6,92;6,92;3,61;3,61;0;0;10,53;10,53
R001134;R-CA 135E;6;Neutraubling;Neutraubling / C113;2025-07;cancelled;12.07.2025 15:30;12.07.2025 17:30;;;10.07.2025 17:00;2;;;ÖPNV-Abo-Tarif ;Privatkunden;2;CARL;;Keine Zahlung;0;0;0;0;0;0;0;0
R001158;R-CA 135E;6;Neutraubling;Neutraubling / C113;2025-07;finished;12.07.2025 10:00;12.07.2025 11:00;12.07.2025 10:05;12.07.2025 10:57;;1;0,87;17;ÖPNV-Abo-Tarif ;Privatkunden;2;CARL;;Keine Zahlung;2,46;2,46;3,23;3,23;2,5;0;8,19;0
R001164;R-CA 135E;6;Neutraubling;Neutraubling / C113;2025-07;finished;12.07.2025 11:30;12.07.2025 15:00;12.07.2025 11:30;12.07.2025 14:53;;3,5;3,38;40;ÖPNV-Abo-Tarif ;Privatkunden;2;CARL;RCA00278;Bezahlt;8,58;8,58;7,6;7,6;2,5;0;18,68;18,68
R001169;R-CA 135E;6;Neutraubling;Neutraubling / C113;2025-07;finished;12.07.2025 18:00;12.07.2025 20:00;12.07.2025 18:00;12.07.2025 19:51;;2;1,83;27;Basis-Tarif ;Privatkunden;2;CARL;RCA00303;Bezahlt;4,79;4,79;5,13;5,13;2,5;0;12,42;12,42
R001170;R-CA 135E;6;Neutraubling;Neutraubling / C113;2025-07;finished;12.07.2025 20:30;12.07.2025 22:00;12.07.2025 20:30;12.07.2025 21:51;;1,5;1,35;24;ÖPNV-Abo-Tarif ;Privatkunden;2;CARL;RCA00278;Bezahlt;3,54;3,54;4,56;4,56;2,5;0;10,6;10,6
R001173;R-CA 135E;6;Neutraubling;Neutraubling / C113;2025-07;finished;13.07.2025 13:30;13.07.2025 15:00;13.07.2025 13:19;13.07.2025 14:42;;1,5;1,38;23;Basis-Tarif ;Privatkunden;2;CARL;RCA00303;Bezahlt;3,75;3,75;4,37;4,37;2,5;0;10,62;10,62
R001182;R-CA 135E;6;Neutraubling;Neutraubling / C113;2025-07;finished;20.07.2025 07:00;20.07.2025 10:00;20.07.2025 06:46;20.07.2025 09:37;;3;2,83;44;Basis-Tarif ;Privatkunden;2;CARL;RCA00283;Bezahlt;7,46;7,46;8,36;8,36;2,5;0;18,32;18,32
R001188;R-CA 135E;6;Neutraubling;Neutraubling / C113;2025-07;finished;15.07.2025 18:15;15.07.2025 22:00;15.07.2025 18:29;15.07.2025 22:03;;3,75;3,57;20;Firmen-Tarif Dienstfahrten;Firmenkunden;4;CARL-KOMMUNEN;RCA00286;Offen;9,54;9,54;3,8;3,8;0;0;13,34;13,34
R001192;R-CA 135E;6;Neutraubling;Neutraubling / C113;2025-07;finished;16.07.2025 13:30;16.07.2025 15:00;16.07.2025 13:21;16.07.2025 14:56;;1,5;1,58;3;Kommunal-Tarif Servicefahrten;Fahrzeugbetreuung;1;FREE;;Keine Zahlung;0;0;0;0;0;0;0;0
R001214;R-CA 135E;6;Neutraubling;Neutraubling / C113;2025-07;finished;18.07.2025 14:30;18.07.2025 20:00;18.07.2025 14:40;18.07.2025 19:41;;5,5;5,02;33;ÖPNV-Abo-Tarif ;Privatkunden;2;CARL;RCA00302;Bezahlt;13,29;13,29;6,27;6,27;2,5;0;22,06;12,06
R001215;R-CA 135E;6;Neutraubling;Neutraubling / C113;2025-07;finished;19.07.2025 12:00;19.07.2025 17:30;19.07.2025 12:00;19.07.2025 17:29;;5,5;5,48;101;ÖPNV-Abo-Tarif ;Privatkunden;2;CARL;RCA00278;Bezahlt;13,71;13,71;19,19;19,19;2,5;0;35,4;35,4
R001226;R-CA 135E;6;Neutraubling;Neutraubling / C113;2025-07;finished;24.07.2025 16:00;24.07.2025 19:30;24.07.2025 16:06;24.07.2025 18:57;;3,5;2,85;20;Firmen-Tarif Dienstfahrten;Firmenkunden;4;CARL-KOMMUNEN;RCA00286;Offen;7,92;7,92;3,8;3,8;0;0;11,72;11,72
R001234;R-CA 135E;6;Neutraubling;Neutraubling / C113;2025-07;cancelled;25.07.2025 11:00;25.07.2025 17:00;;;25.07.2025 11:08;6;;;ÖPNV-Abo-Tarif ;Privatkunden;2;CARL;;Keine Zahlung;6,21;6,21;0;0;2,5;0;8,71;0
R001246;R-CA 135E;6;Neutraubling;Neutraubling / C113;2025-07;finished;25.07.2025 22:00;26.07.2025 01:00;25.07.2025 22:00;26.07.2025 00:48;;3;2,8;33;ÖPNV-Abo-Tarif ;Privatkunden;2;CARL;RCA00278;Bezahlt;7,21;7,21;6,27;6,27;2,5;0;15,98;15,98
R001248;R-CA 135E;6;Neutraubling;Neutraubling / C113;2025-07;finished;26.07.2025 09:30;26.07.2025 14:30;26.07.2025 09:30;26.07.2025 14:34;;5;5,07;44;ÖPNV-Abo-Tarif ;Privatkunden;2;CARL;RCA00278;Bezahlt;12,67;12,67;8,36;8,36;2,5;0;23,53;23,53
R001260;R-CA 135E;6;Neutraubling;Neutraubling / C113;2025-07;cancelled;28.07.2025 17:30;28.07.2025 19:30;;;28.07.2025 13:43;2;;;Basis-Tarif ;Privatkunden;2;CARL;RCA00346;Bezahlt;2;2;0;0;2,5;0;4,5;4,5
R001295;R-CA 135E;6;Neutraubling;Neutraubling / C113;2025-08;finished;01.08.2025 14:00;01.08.2025 17:00;01.08.2025 13:56;01.08.2025 16:58;;3;3,02;24;Basis-Tarif ;Privatkunden;2;CARL;RCA00365;Bezahlt;7,58;7,58;4,56;4,56;2,5;0;14,64;14,64
R001297;R-CA 135E;6;Neutraubling;Neutraubling / C113;2025-08;finished;01.08.2025 21:30;02.08.2025 00:30;01.08.2025 21:33;02.08.2025 00:06;;3;2,55;60;ÖPNV-Abo-Tarif ;Privatkunden;2;CARL;RCA00349;Bezahlt;6,92;6,92;11,4;11,4;2,5;0;20,82;10,82
R001300;R-CA 135E;6;Neutraubling;Neutraubling / C113;2025-08;finished;02.08.2025 11:30;02.08.2025 16:15;02.08.2025 11:30;02.08.2025 16:14;;4,75;4,73;42;ÖPNV-Abo-Tarif ;Privatkunden;2;CARL;RCA00349;Bezahlt;11,83;11,83;7,98;7,98;2,5;0;22,31;22,31
R001311;R-CA 135E;6;Neutraubling;Neutraubling / C113;2025-08;finished;06.08.2025 08:45;06.08.2025 12:30;06.08.2025 09:04;06.08.2025 12:44;;3,75;3,65;19;Firmen-Tarif Dienstfahrten;Firmenkunden;4;CARL-KOMMUNEN;RCA00354;Offen;9,96;9,96;3,61;3,61;0;0;13,57;13,57
R001312;R-CA 135E;6;Neutraubling;Neutraubling / C113;2025-08;cancelled;07.08.2025 09:00;07.08.2025 13:00;;;05.08.2025 14:46;4;;;Firmen-Tarif Dienstfahrten;Firmenkunden;4;CARL-KOMMUNEN;RCA00354;Offen;0;0;0;0;0;0;0;0
R001314;R-CA 135E;6;Neutraubling;Neutraubling / C113;2025-08;finished;05.08.2025 13:30;05.08.2025 15:00;05.08.2025 13:32;05.08.2025 15:00;;1,5;1,45;4;Kommunal-Tarif Servicefahrten;Fahrzeugbetreuung;1;FREE;;Keine Zahlung;0;0;0;0;0;0;0;0
R001315;R-CA 135E;6;Neutraubling;Neutraubling / C113;2025-08;finished;05.08.2025 15:30;05.08.2025 18:30;05.08.2025 15:30;05.08.2025 18:26;;3;2,93;26;ÖPNV-Abo-Tarif ;Privatkunden;2;CARL;RCA00349;Bezahlt;7,42;7,42;4,94;4,94;2,5;0;14,86;14,86
R001318;R-CA 135E;6;Neutraubling;Neutraubling / C113;2025-09;cancelled;02.09.2025 09:00;02.09.2025 13:00;;;01.09.2025 14:09;4;;;Firmen-Tarif Dienstfahrten;Firmenkunden;4;CARL-KOMMUNEN;RCA00405;Offen;0;0;0;0;0;0;0;0
R001324;R-CA 135E;6;Neutraubling;Neutraubling / C113;2025-08;finished;06.08.2025 13:00;06.08.2025 19:00;06.08.2025 13:00;06.08.2025 18:56;;6;5,93;37;ÖPNV-Abo-Tarif ;Privatkunden;2;CARL;RCA00349;Bezahlt;14,92;14,92;7,03;7,03;2,5;0;24,45;24,45
R001327;R-CA 135E;6;Neutraubling;Neutraubling / C113;2025-08;finished;07.08.2025 12:00;07.08.2025 16:00;07.08.2025 12:00;07.08.2025 15:48;;4;3,8;27;ÖPNV-Abo-Tarif ;Privatkunden;2;CARL;RCA00349;Bezahlt;9,71;9,71;5,13;5,13;2,5;0;17,34;17,34
R001340;R-CA 135E;6;Neutraubling;Neutraubling / C113;2025-08;finished;10.08.2025 13:30;10.08.2025 16:30;10.08.2025 13:30;10.08.2025 16:26;;3;2,93;28;ÖPNV-Abo-Tarif ;Privatkunden;2;CARL;RCA00349;Bezahlt;7,42;7,42;5,32;5,32;2,5;0;15,24;15,24
R001347;R-CA 135E;6;Neutraubling;Neutraubling / C113;2025-08;cancelled;15.08.2025 09:00;15.08.2025 20:00;;;11.08.2025 10:11;11;;;Basis-Tarif ;Privatkunden;2;CARL;;;0;0;0;0;0;0;0;0
R001354;R-CA 135E;6;Neutraubling;Neutraubling / C113;2025-08;finished;12.08.2025 18:30;12.08.2025 20:30;12.08.2025 18:30;12.08.2025 20:20;;2;1,83;24;ÖPNV-Abo-Tarif ;Privatkunden;2;CARL;RCA00349;Bezahlt;4,79;4,79;4,56;4,56;2,5;0;11,85;11,85
R001368;R-CA 135E;6;Neutraubling;Neutraubling / C113;2025-08;finished;14.08.2025 19:30;14.08.2025 22:30;14.08.2025 19:34;14.08.2025 22:21;;3;2,78;26;ÖPNV-Abo-Tarif ;Privatkunden;2;CARL;RCA00349;Bezahlt;7,29;7,29;4,94;4,94;2,5;0;14,73;14,73
R001370;R-CA 135E;6;Neutraubling;Neutraubling / C113;2025-08;finished;15.08.2025 13:00;15.08.2025 17:00;15.08.2025 13:00;15.08.2025 16:55;;4;3,92;54;ÖPNV-Abo-Tarif ;Privatkunden;2;CARL;RCA00349;Bezahlt;9,92;9,92;10,26;10,26;2,5;0;22,68;22,68
R001372;R-CA 135E;6;Neutraubling;Neutraubling / C113;2025-08;finished;16.08.2025 17:00;16.08.2025 20:00;16.08.2025 17:14;16.08.2025 19:54;;3;2,65;17;Basis-Tarif ;Privatkunden;2;CARL;RCA00365;Bezahlt;7,38;7,38;3,23;3,23;2,5;0;13,11;13,11
R001373;R-CA 135E;6;Neutraubling;Neutraubling / C113;2025-08;finished;16.08.2025 11:00;16.08.2025 16:15;16.08.2025 11:00;16.08.2025 16:09;;5,25;5,15;37;ÖPNV-Abo-Tarif ;Privatkunden;2;CARL;RCA00349;Bezahlt;13;13;7,03;7,03;2,5;0;22,53;22,53
R001396;R-CA 135E;6;Neutraubling;Neutraubling / C113;2025-08;finished;21.08.2025 17:30;21.08.2025 19:30;21.08.2025 17:32;21.08.2025 19:24;;2;1,87;23;ÖPNV-Abo-Tarif ;Privatkunden;2;CARL;RCA00349;Bezahlt;4,83;4,83;4,37;4,37;2,5;0;11,7;11,7
R001401;R-CA 135E;6;Neutraubling;Neutraubling / C113;2025-08;finished;23.08.2025 09:00;23.08.2025 16:00;23.08.2025 09:16;23.08.2025 15:36;;7;6,33;45;Basis-Tarif ;Privatkunden;2;CARL;RCA00365;Bezahlt;16,92;16,92;8,55;8,55;2,5;0;27,97;27,97
R001407;R-CA 135E;6;Neutraubling;Neutraubling / C113;2025-08;finished;23.08.2025 20:30;23.08.2025 22:30;23.08.2025 20:30;23.08.2025 22:28;;2;1,97;23;ÖPNV-Abo-Tarif ;Privatkunden;2;CARL;RCA00349;Bezahlt;4,96;4,96;4,37;4,37;2,5;0;11,83;11,83
R001412;R-CA 135E;6;Neutraubling;Neutraubling / C113;2025-08;finished;24.08.2025 13:45;24.08.2025 17:30;24.08.2025 13:47;24.08.2025 17:30;;3,75;3,7;31;ÖPNV-Abo-Tarif ;Privatkunden;2;CARL;RCA00349;Bezahlt;9,38;9,38;5,89;5,89;2,5;0;17,77;17,77
R001414;R-CA 135E;6;Neutraubling;Neutraubling / C113;2025-08;finished;25.08.2025 19:15;25.08.2025 21:15;25.08.2025 19:15;25.08.2025 21:14;;2;1,97;26;ÖPNV-Abo-Tarif ;Privatkunden;2;CARL;RCA00349;Bezahlt;4,96;4,96;4,94;4,94;2,5;0;12,4;12,4
R001429;R-CA 135E;6;Neutraubling;Neutraubling / C113;2025-08;finished;30.08.2025 09:00;30.08.2025 22:30;30.08.2025 09:16;30.08.2025 16:51;;13,5;7,58;107;ÖPNV-Abo-Tarif ;Privatkunden;2;CARL;RCA00361;Bezahlt;25,29;25,29;20,33;20,33;2,5;0;48,12;38,12
R001433;R-CA 135E;6;Neutraubling;Neutraubling / C113;2025-08;finished;29.08.2025 22:00;29.08.2025 23:30;29.08.2025 22:00;29.08.2025 23:21;;1,5;1,35;15;ÖPNV-Abo-Tarif ;Privatkunden;2;CARL;RCA00349;Bezahlt;3,54;3,54;2,85;2,85;2,5;0;8,89;8,89
R001441;R-CA 135E;6;Neutraubling;Neutraubling / C113;2025-09;finished;01.09.2025 09:00;01.09.2025 18:00;01.09.2025 09:00;01.09.2025 17:59;;9;8,98;39;ÖPNV-Abo-Tarif ;Privatkunden;2;CARL;RCA00399;Bezahlt;22,46;22,46;7,41;7,41;2,5;0;32,37;22,37
R001447;R-CA 135E;6;Neutraubling;Neutraubling / C113;2025-09;finished;12.09.2025 14:00;14.09.2025 21:00;12.09.2025 17:00;14.09.2025 17:46;;55;48,75;280;Basis-Tarif ;Privatkunden;2;CARL;RCA00414;Bezahlt;92,67;92,67;53,2;53,2;2,5;0;148,37;148,37
R001448;R-CA 135E;6;Neutraubling;Neutraubling / C113;2025-09;finished;26.09.2025 13:30;26.09.2025 18:00;26.09.2025 14:31;26.09.2025 18:01;;4,5;3,5;55;Firmen-Tarif Dienstfahrten;Firmenkunden;4;CARL-KOMMUNEN;RCA00405;Offen;11,33;11,33;10,45;10,45;0;0;21,78;21,78
R001453;R-CA 135E;6;Neutraubling;Neutraubling / C113;2025-09;finished;03.09.2025 21:00;03.09.2025 22:30;03.09.2025 21:24;03.09.2025 22:44;;1,5;1,32;23;Basis-Tarif ;Privatkunden;2;CARL;RCA00419;Bezahlt;4,33;4,33;4,37;4,37;2,5;0;11,2;11,2
R001458;R-CA 135E;6;Neutraubling;Neutraubling / C113;2025-09;finished;03.09.2025 10:30;03.09.2025 12:30;03.09.2025 10:51;03.09.2025 12:22;;2;1,5;18;Basis-Tarif ;Privatkunden;2;CARL;RCA00425;Bezahlt;4,79;4,79;3,42;3,42;2,5;0;10,71;10,71
R001464;R-CA 135E;6;Neutraubling;Neutraubling / C113;2025-09;finished;04.09.2025 13:30;04.09.2025 15:00;04.09.2025 13:35;04.09.2025 15:00;;1,5;1,4;3;Kommunal-Tarif Servicefahrten;Fahrzeugbetreuung;1;FREE;;Keine Zahlung;0;0;0;0;0;0;0;0
R001466;R-CA 135E;6;Neutraubling;Neutraubling / C113;2025-09;finished;09.09.2025 16:00;09.09.2025 23:15;09.09.2025 17:16;09.09.2025 21:39;;7,25;4,37;84;ÖPNV-Abo-Tarif ;Privatkunden;2;CARL;RCA00418;Bezahlt;15,75;15,75;15,96;15,96;2,5;0;34,21;24,21
R001475;R-CA 135E;6;Neutraubling;Neutraubling / C113;2025-09;finished;07.09.2025 10:30;07.09.2025 11:45;07.09.2025 10:30;07.09.2025 11:44;;1,25;1,22;25;ÖPNV-Abo-Tarif ;Privatkunden;2;CARL;RCA00399;Bezahlt;3,13;3,13;4,75;4,75;2,5;0;10,38;10,38
R001479;R-CA 135E;6;Neutraubling;Neutraubling / C113;2025-09;finished;07.09.2025 18:45;07.09.2025 19:45;07.09.2025 18:51;07.09.2025 19:38;;1;0,77;21;ÖPNV-Abo-Tarif ;Privatkunden;2;CARL;RCA00399;Bezahlt;2,33;2,33;3,99;3,99;2,5;0;8,82;8,82
R001485;R-CA 135E;6;Neutraubling;Neutraubling / C113;2025-09;finished;18.09.2025 11:45;18.09.2025 14:30;18.09.2025 11:39;18.09.2025 14:22;;2,75;2,7;19;Firmen-Tarif Dienstfahrten;Firmenkunden;4;CARL-KOMMUNEN;RCA00405;Offen;6,88;6,88;3,61;3,61;0;0;10,49;10,49
R001491;R-CA 135E;6;Neutraubling;Neutraubling / C113;2025-09;finished;11.09.2025 10:15;11.09.2025 13:15;11.09.2025 10:15;11.09.2025 13:12;;3;2,95;25;ÖPNV-Abo-Tarif ;Privatkunden;2;CARL;RCA00399;Bezahlt;7,46;7,46;4,75;4,75;2,5;0;14,71;14,71
R001497;R-CA 135E;6;Neutraubling;Neutraubling / C113;2025-09;finished;16.09.2025 19:15;16.09.2025 20:45;16.09.2025 19:24;16.09.2025 20:05;;1,5;0,68;14;Basis-Tarif ;Privatkunden;2;CARL;RCA00421;Bezahlt;2,75;2,75;2,66;2,66;2,5;0;7,91;7,91
R001498;R-CA 135E;6;Neutraubling;Neutraubling / C113;2025-09;cancelled;17.09.2025 16:45;17.09.2025 19:30;;;17.09.2025 10:23;2,75;;;Basis-Tarif ;Privatkunden;2;CARL;RCA00421;Bezahlt;2,75;2,75;0;0;2,5;0;5,25;5,25
R001513;R-CA 135E;6;Neutraubling;Neutraubling / C113;2025-09;finished;15.09.2025 20:30;15.09.2025 22:15;15.09.2025 20:31;15.09.2025 22:14;;1,75;1,7;39;ÖPNV-Abo-Tarif ;Privatkunden;2;CARL;RCA00399;Bezahlt;4,33;4,33;7,41;7,41;2,5;0;14,24;14,24
R001546;R-CA 135E;6;Neutraubling;Neutraubling / C113;2025-09;finished;17.09.2025 20:00;17.09.2025 22:00;17.09.2025 20:01;17.09.2025 21:51;;2;1,82;24;ÖPNV-Abo-Tarif ;Privatkunden;2;CARL;RCA00399;Bezahlt;4,79;4,79;4,56;4,56;2,5;0;11,85;11,85
R001547;R-CA 135E;6;Neutraubling;Neutraubling / C113;2025-09;finished;18.09.2025 20:30;18.09.2025 22:30;18.09.2025 20:30;18.09.2025 22:20;;2;1,83;20;ÖPNV-Abo-Tarif ;Privatkunden;2;CARL;RCA00399;Bezahlt;4,75;4,75;3,8;3,8;2,5;0;11,05;11,05
R001550;R-CA 135E;6;Neutraubling;Neutraubling / C113;2025-09;finished;19.09.2025 09:15;19.09.2025 11:00;19.09.2025 09:15;19.09.2025 10:49;;1,75;1,57;15;ÖPNV-Abo-Tarif ;Privatkunden;2;CARL;;Keine Zahlung;4,13;4,13;2,85;2,85;2,5;0;9,48;0
R001555;R-CA 135E;6;Neutraubling;Neutraubling / C113;2025-09;finished;21.09.2025 09:00;21.09.2025 21:15;21.09.2025 08:55;21.09.2025 17:46;;12,25;8,85;45;Basis-Tarif ;Privatkunden;2;CARL;RCA00420;Bezahlt;25,58;25,58;8,55;8,55;2,5;0;36,63;36,63
R001557;R-CA 135E;6;Neutraubling;Neutraubling / C113;2025-09;finished;21.09.2025 18:15;21.09.2025 21:30;21.09.2025 18:15;21.09.2025 21:24;;3,25;3,15;27;ÖPNV-Abo-Tarif ;Privatkunden;2;CARL;RCA00399;Bezahlt;7,96;7,96;5,13;5,13;2,5;0;15,59;15,59
R001560;R-CA 135E;6;Neutraubling;Neutraubling / C113;2025-09;finished;23.09.2025 17:00;23.09.2025 20:30;23.09.2025 17:10;23.09.2025 20:01;;3,5;2,85;32;Basis-Tarif ;Privatkunden;2;CARL;RCA00421;Bezahlt;8,04;8,04;6,08;6,08;2,5;0;16,62;16,62
R001578;R-CA 135E;6;Neutraubling;Neutraubling / C113;2025-09;finished;27.09.2025 09:30;27.09.2025 14:15;27.09.2025 09:31;27.09.2025 14:10;;4,75;4,65;41;ÖPNV-Abo-Tarif ;Privatkunden;2;CARL;RCA00399;Bezahlt;11,79;11,79;7,79;7,79;2,5;0;22,08;22,08
R001584;R-CA 135E;6;Neutraubling;Neutraubling / C113;2025-09;finished;26.09.2025 20:45;26.09.2025 22:15;26.09.2025 20:47;26.09.2025 22:00;;1,5;1,22;36;ÖPNV-Abo-Tarif ;Privatkunden;2;CARL;RCA00399;Bezahlt;3,42;3,42;6,84;6,84;2,5;0;12,76;12,76
R001618;R-CA 135E;6;Neutraubling;Neutraubling / C113;2025-09;finished;29.09.2025 18:45;29.09.2025 20:45;29.09.2025 18:45;29.09.2025 20:43;;2;1,97;26;ÖPNV-Abo-Tarif ;Privatkunden;2;CARL;RCA00399;Bezahlt;4,96;4,96;4,94;4,94;2,5;0;12,4;12,4
R000670;R-CA 128E;3;Donaustauf;Donaustauf / C102;2025-07;finished;09.07.2025 09:00;09.07.2025 12:00;09.07.2025 09:42;09.07.2025 11:50;;3;2,13;2;Kommunal-Tarif Servicefahrten;Fahrzeugbetreuung;1;FREE;;Keine Zahlung;0;0;0;0;0;0;0;0
R000671;R-CA 128E;3;Donaustauf;Donaustauf / C102;2025-07;finished;23.07.2025 09:00;23.07.2025 12:00;23.07.2025 09:42;23.07.2025 11:59;;3;2,28;1;Kommunal-Tarif Servicefahrten;Fahrzeugbetreuung;1;FREE;;Keine Zahlung;0;0;0;0;0;0;0;0
R000672;R-CA 128E;3;Donaustauf;Donaustauf / C102;2025-08;finished;06.08.2025 09:00;06.08.2025 12:00;06.08.2025 09:43;06.08.2025 10:39;;3;0,93;4;Kommunal-Tarif Servicefahrten;Fahrzeugbetreuung;1;FREE;;Keine Zahlung;0;0;0;0;0;0;0;0
R000673;R-CA 128E;3;Donaustauf;Donaustauf / C102;2025-08;finished;20.08.2025 09:00;20.08.2025 12:00;20.08.2025 09:39;20.08.2025 10:13;;3;0,57;1;Kommunal-Tarif Servicefahrten;Fahrzeugbetreuung;1;FREE;;Keine Zahlung;0;0;0;0;0;0;0;0
R000674;R-CA 128E;3;Donaustauf;Donaustauf / C102;2025-09;finished;03.09.2025 09:00;03.09.2025 12:00;03.09.2025 09:58;03.09.2025 10:02;;3;0,07;0;Kommunal-Tarif Servicefahrten;Fahrzeugbetreuung;1;FREE;;Keine Zahlung;0;0;0;0;0;0;0;0
R000676;R-CA 128E;3;Donaustauf;Donaustauf / C102;2025-09;expired;17.09.2025 09:00;17.09.2025 12:00;;;;3;;;Kommunal-Tarif Servicefahrten;Fahrzeugbetreuung;1;FREE;;Keine Zahlung;0;0;0;0;0;0;0;0
R001094;R-CA 128E;3;Donaustauf;Donaustauf / C102;2025-07;finished;04.07.2025 10:00;04.07.2025 13:00;04.07.2025 09:54;04.07.2025 12:58;;3;3,07;49;Basis-Tarif ;Privatkunden;2;CARL;RCA00300;Bezahlt;7,71;7,71;9,31;9,31;2,5;0;19,52;19,52
R001104;R-CA 128E;3;Donaustauf;Donaustauf / C102;2025-07;finished;05.07.2025 08:45;05.07.2025 15:45;05.07.2025 09:14;05.07.2025 15:10;;7;5,93;27;ÖPNV-Abo-Tarif ;Privatkunden;2;CARL;RCA00339;Bezahlt;16,63;16,63;5,13;5,13;2,5;0;24,26;14,26
R001105;R-CA 128E;3;Donaustauf;Donaustauf / C102;2025-07;cancelled;03.07.2025 12:00;03.07.2025 16:00;;;03.07.2025 10:34;4;;;ÖPNV-Abo-Tarif ;Privatkunden;2;CARL;;Keine Zahlung;4;4;0;0;2,5;0;6,5;0
R001117;R-CA 128E;3;Donaustauf;Donaustauf / C102;2025-07;cancelled;14.07.2025 12:00;14.07.2025 17:30;;;03.07.2025 18:21;5,5;;;Basis-Tarif ;Privatkunden;2;CARL;RCA00309;Bezahlt;0;0;0;0;0;0;0;0
R001129;R-CA 128E;3;Donaustauf;Donaustauf / C102;2025-07;finished;19.07.2025 08:15;19.07.2025 19:15;19.07.2025 08:20;19.07.2025 19:10;;11;10,82;54;ÖPNV-Abo-Tarif ;Privatkunden;2;CARL;RCA00339;Bezahlt;27,38;27,38;10,26;10,26;2,5;0;40,14;40,14
R001130;R-CA 128E;3;Donaustauf;Donaustauf / C102;2025-07;finished;26.07.2025 08:15;26.07.2025 19:45;26.07.2025 08:47;26.07.2025 19:07;;11,5;10,32;39;ÖPNV-Abo-Tarif ;Privatkunden;2;CARL;RCA00339;Bezahlt;27,83;27,83;7,41;7,41;2,5;0;37,74;37,74
R001139;R-CA 128E;3;Donaustauf;Donaustauf / C102;2025-07;finished;09.07.2025 14:15;09.07.2025 19:30;09.07.2025 14:38;09.07.2025 18:26;;5,25;3,78;67;Basis-Tarif ;Privatkunden;2;CARL;RCA00309;Bezahlt;11,54;11,54;12,73;12,73;2,5;0;26,77;26,77
R001159;R-CA 128E;3;Donaustauf;Donaustauf / C102;2025-07;finished;18.07.2025 13:30;18.07.2025 21:00;18.07.2025 14:01;18.07.2025 20:41;;7,5;6,65;94;Basis-Tarif ;Privatkunden;2;CARL;RCA00338;Bezahlt;18,29;18,29;17,86;17,86;2,5;0;38,65;38,65
R001180;R-CA 128E;3;Donaustauf;Donaustauf / C102;2025-07;finished;14.07.2025 17:00;14.07.2025 21:00;14.07.2025 16:53;14.07.2025 20:48;;4;3,9;19;Basis-Tarif ;Privatkunden;2;CARL;RCA00334;Bezahlt;9,96;9,96;3,61;3,61;2,5;0;16,07;16,07
R001183;R-CA 128E;3;Donaustauf;Donaustauf / C102;2025-07;finished;29.07.2025 13:30;29.07.2025 15:30;29.07.2025 13:22;29.07.2025 15:58;;2;2,6;28;Basis-Tarif ;Privatkunden;2;CARL;RCA00319;Bezahlt;6,5;6,5;5,32;5,32;2,5;5;19,32;19,32
R001191;R-CA 128E;3;Donaustauf;Donaustauf / C102;2025-08;finished;02.08.2025 16:00;03.08.2025 02:30;02.08.2025 16:04;02.08.2025 23:27;;10,5;7,37;50;Basis-Tarif ;Privatkunden;2;CARL;RCA00387;Bezahlt;21,71;21,71;9,5;9,5;2,5;0;33,71;33,71
R001204;R-CA 128E;3;Donaustauf;Donaustauf / C102;2025-07;finished;17.07.2025 10:45;17.07.2025 11:30;17.07.2025 10:42;17.07.2025 11:17;;0,75;0,57;15;ÖPNV-Abo-Tarif ;Privatkunden;2;CARL;;Keine Zahlung;1,63;1,63;2,85;2,85;2,5;0;6,98;0
R001231;R-CA 128E;3;Donaustauf;Donaustauf / C102;2025-07;finished;23.07.2025 12:30;23.07.2025 14:30;23.07.2025 12:34;23.07.2025 13:53;;2;1,3;36;ÖPNV-Abo-Tarif ;Privatkunden;2;CARL;RCA00335;Bezahlt;4,08;4,08;6,84;6,84;2,5;0;13,42;3,42
R001261;R-CA 128E;3;Donaustauf;Donaustauf / C102;2025-07;finished;28.07.2025 16:15;28.07.2025 19:45;28.07.2025 16:14;28.07.2025 18:50;;3,5;2,6;51;Basis-Tarif ;Privatkunden;2;CARL;RCA00309;Bezahlt;7,46;7,46;9,69;9,69;2,5;0;19,65;19,65
R001263;R-CA 128E;3;Donaustauf;Donaustauf / C102;2025-07;finished;28.07.2025 08:00;28.07.2025 14:00;28.07.2025 07:49;28.07.2025 11:55;;6;4,1;39;ÖPNV-Abo-Tarif ;Privatkunden;2;CARL;RCA00344;Bezahlt;12,38;12,38;7,41;7,41;2,5;0;22,29;12,29
R001279;R-CA 128E;3;Donaustauf;Donaustauf / C102;2025-07;finished;30.07.2025 15:30;30.07.2025 20:30;30.07.2025 15:36;30.07.2025 20:11;;5;4,58;49;Basis-Tarif ;Privatkunden;2;CARL;RCA00309;Bezahlt;12,04;12,04;9,31;9,31;2,5;0;23,85;23,85
R001282;R-CA 128E;3;Donaustauf;Donaustauf / C102;2025-07;finished;30.07.2025 11:45;30.07.2025 13:15;30.07.2025 11:37;30.07.2025 12:51;;1,5;1,23;25;ÖPNV-Abo-Tarif ;Privatkunden;2;CARL;RCA00335;Bezahlt;3,46;3,46;4,75;4,75;2,5;0;10,71;10,71
R001286;R-CA 128E;3;Donaustauf;Donaustauf / C102;2025-08;finished;13.08.2025 08:00;13.08.2025 21:00;13.08.2025 08:14;13.08.2025 20:15;;13;12;156;ÖPNV-Abo-Tarif ;Privatkunden;2;CARL;RCA00389;Bezahlt;31,38;31,38;29,64;29,64;2,5;0;63,52;53,52
R001302;R-CA 128E;3;Donaustauf;Donaustauf / C102;2025-08;cancelled;09.08.2025 10:00;09.08.2025 16:00;;;09.08.2025 09:11;6;;;ÖPNV-Abo-Tarif ;Privatkunden;2;CARL;;Keine Zahlung;6;6;0;0;2,5;0;8,5;0
R001328;R-CA 128E;3;Donaustauf;Donaustauf / C102;2025-09;cancelled;09.09.2025 13:00;09.09.2025 18:00;;;09.09.2025 10:40;5;;;ÖPNV-Abo-Tarif ;Privatkunden;2;CARL;;Keine Zahlung;5;5;0;0;2,5;0;7,5;0
R001330;R-CA 128E;3;Donaustauf;Donaustauf / C102;2025-08;finished;08.08.2025 12:00;08.08.2025 13:30;08.08.2025 11:45;08.08.2025 12:54;;1,5;1,15;20;ÖPNV-Abo-Tarif ;Privatkunden;2;CARL;RCA00386;Bezahlt;3,5;3,5;3,8;3,8;2,5;0;9,8;0
R001345;R-CA 128E;3;Donaustauf;Donaustauf / C102;2025-08;finished;11.08.2025 10:00;11.08.2025 14:00;11.08.2025 09:52;11.08.2025 13:37;;4;3,75;25;ÖPNV-Abo-Tarif ;Privatkunden;2;CARL;RCA00392;Bezahlt;9,79;9,79;4,75;4,75;2,5;0;17,04;7,04
R001357;R-CA 128E;3;Donaustauf;Donaustauf / C102;2025-08;finished;23.08.2025 10:15;23.08.2025 18:15;23.08.2025 10:02;23.08.2025 12:37;;8;2,57;31;Basis-Tarif ;Privatkunden;2;CARL;RCA00387;Bezahlt;12,08;12,08;5,89;5,89;2,5;0;20,47;20,47
R001358;R-CA 128E;3;Donaustauf;Donaustauf / C102;2025-08;cancelled;15.08.2025 08:45;15.08.2025 14:00;;;14.08.2025 20:30;5,25;;;ÖPNV-Abo-Tarif ;Privatkunden;2;CARL;RCA00386;Bezahlt;0;0;0;0;0;0;0;0
R001359;R-CA 128E;3;Donaustauf;Donaustauf / C102;2025-08;cancelled;19.08.2025 12:00;19.08.2025 21:30;;;18.08.2025 15:39;9,5;;;Basis-Tarif ;Privatkunden;2;CARL;;;0;0;0;0;0;0;0;0
R001369;R-CA 128E;3;Donaustauf;Donaustauf / C102;2025-08;finished;15.08.2025 09:45;15.08.2025 15:30;15.08.2025 09:37;15.08.2025 15:10;;5,75;5,55;89;Basis-Tarif ;Privatkunden;2;CARL;RCA00383;Bezahlt;14,21;14,21;16,91;16,91;2,5;0;33,62;33,62
R001390;R-CA 128E;3;Donaustauf;Donaustauf / C102;2025-08;finished;20.08.2025 17:00;20.08.2025 19:00;20.08.2025 17:00;20.08.2025 18:41;;2;1,67;27;Basis-Tarif ;Privatkunden;2;CARL;RCA00359;Bezahlt;4,54;4,54;5,13;5,13;2,5;0;12,17;12,17
R001392;R-CA 128E;3;Donaustauf;Donaustauf / C102;2025-08;finished;20.08.2025 14:00;20.08.2025 15:00;20.08.2025 13:51;20.08.2025 14:52;;1;1,02;23;ÖPNV-Abo-Tarif ;Privatkunden;2;CARL;RCA00386;Bezahlt;2,67;2,67;4,37;4,37;2,5;0;9,54;9,34
R001405;R-CA 128E;3;Donaustauf;Donaustauf / C102;2025-08;finished;23.08.2025 17:15;23.08.2025 19:15;23.08.2025 17:11;23.08.2025 19:03;;2;1,85;26;Basis-Tarif ;Privatkunden;2;CARL;RCA00359;Bezahlt;4,83;4,83;4,94;4,94;2,5;0;12,27;12,27
R001418;R-CA 128E;3;Donaustauf;Donaustauf / C102;2025-08;cancelled;29.08.2025 08:30;29.08.2025 16:00;;;26.08.2025 18:31;7,5;;;Basis-Tarif ;Privatkunden;2;CARL;;;0;0;0;0;0;0;0;0
R001426;R-CA 128E;3;Donaustauf;Donaustauf / C102;2025-09;finished;13.09.2025 08:30;13.09.2025 18:30;13.09.2025 09:06;13.09.2025 17:28;;10;8,35;48;ÖPNV-Abo-Tarif ;Privatkunden;2;CARL;RCA00450;Bezahlt;23,46;23,46;9,12;9,12;2,5;0;35,08;25,08
R001444;R-CA 128E;3;Donaustauf;Donaustauf / C102;2025-09;finished;04.09.2025 08:30;04.09.2025 20:30;04.09.2025 08:23;04.09.2025 19:30;;12;11,12;186;Basis-Tarif ;Privatkunden;2;CARL;RCA00448;Bezahlt;28,83;28,83;35,34;35,34;2,5;0;66,67;66,67
R001462;R-CA 128E;3;Donaustauf;Donaustauf / C102;2025-09;finished;19.09.2025 17:15;19.09.2025 19:00;19.09.2025 17:14;19.09.2025 18:29;;1,75;1,25;19;Basis-Tarif ;Privatkunden;2;CARL;RCA00417;Bezahlt;3,63;3,63;3,61;3,61;2,5;0;9,74;9,74
R001467;R-CA 128E;3;Donaustauf;Donaustauf / C102;2025-09;cancelled;06.09.2025 08:00;06.09.2025 15:00;;;05.09.2025 19:54;7;;;Basis-Tarif ;Privatkunden;2;CARL;RCA00449;Bezahlt;0;0;0;0;0;0;0;0
R001500;R-CA 128E;3;Donaustauf;Donaustauf / C102;2025-09;finished;13.09.2025 18:45;14.09.2025 01:15;13.09.2025 18:45;13.09.2025 23:14;;6,5;4,47;27;Basis-Tarif ;Privatkunden;2;CARL;RCA00449;Bezahlt;13,21;13,21;5,13;5,13;2,5;0;20,84;20,84
R001514;R-CA 128E;3;Donaustauf;Donaustauf / C102;2025-09;cancelled;20.09.2025 08:00;20.09.2025 17:00;;;17.09.2025 20:14;9;;;Basis-Tarif ;Privatkunden;2;CARL;;;0;0;0;0;0;0;0;0
R001552;R-CA 128E;3;Donaustauf;Donaustauf / C102;2025-09;cancelled;20.09.2025 13:00;20.09.2025 14:30;;;20.09.2025 11:33;1,5;;;ÖPNV-Abo-Tarif ;Privatkunden;2;CARL;RCA00446;Bezahlt;1,5;1,5;0;0;2,5;0;4;0
R001554;R-CA 128E;3;Donaustauf;Donaustauf / C102;2025-09;finished;20.09.2025 16:00;20.09.2025 17:30;20.09.2025 15:57;20.09.2025 16:49;;1,5;0,85;11;ÖPNV-Abo-Tarif ;Privatkunden;2;CARL;RCA00446;Bezahlt;2,83;2,83;2,09;2,09;2,5;0;7,42;1,42
R001562;R-CA 128E;3;Donaustauf;Donaustauf / C102;2025-09;finished;24.09.2025 10:15;24.09.2025 14:00;24.09.2025 10:16;24.09.2025 13:29;;3,75;3,22;40;Basis-Tarif ;Privatkunden;2;CARL;RCA00417;Bezahlt;8,63;8,63;7,6;7,6;2,5;0;18,73;18,73
R001574;R-CA 128E;3;Donaustauf;Donaustauf / C102;2025-09;finished;25.09.2025 11:15;25.09.2025 19:00;25.09.2025 11:19;25.09.2025 18:28;;7,75;7,13;188;ÖPNV-Abo-Tarif ;Privatkunden;2;CARL;RCA00446;Bezahlt;18,58;18,58;35,72;35,72;2,5;0;56,8;56,8
R001585;R-CA 128E;3;Donaustauf;Donaustauf / C102;2025-09;finished;27.09.2025 14:30;27.09.2025 15:15;27.09.2025 14:39;27.09.2025 15:11;;0,75;0,52;14;Basis-Tarif ;Privatkunden;2;CARL;RCA00433;Bezahlt;1,79;1,79;2,66;2,66;2,5;0;6,95;6,95
R001614;R-CA 128E;3;Donaustauf;Donaustauf / C102;2025-09;finished;29.09.2025 13:45;29.09.2025 19:00;29.09.2025 14:26;29.09.2025 18:40;;5,25;4,23;32;Basis-Tarif ;Privatkunden;2;CARL;RCA00417;Bezahlt;12,67;12,67;6,08;6,08;2,5;0;21,25;21,25
R000972;R-CA 132E;2;Laaber;Laaber / C104;2025-07;finished;24.07.2025 14:00;28.07.2025 17:00;24.07.2025 14:09;28.07.2025 11:27;;99;93,28;140;Betreiber-Tarif GFN-Servicefahrten;Fahrzeugsteller;1;FREE;;Keine Zahlung;0;0;0;0;0;0;0;0
R001057;R-CA 132E;2;Laaber;Laaber / C104;2025-07;finished;02.07.2025 10:00;02.07.2025 13:30;02.07.2025 10:09;02.07.2025 11:23;;3,5;1,23;17;Firmen-Tarif Dienstfahrten;Firmenkunden;4;CARL-KOMMUNEN;RCA00329;Bezahlt;5,58;5,58;3,23;3,23;0;0;8,81;8,81
R001058;R-CA 132E;2;Laaber;Laaber / C104;2025-07;finished;03.07.2025 10:00;03.07.2025 13:30;03.07.2025 10:14;03.07.2025 12:08;;3,5;1,9;51;Firmen-Tarif Dienstfahrten;Firmenkunden;4;CARL-KOMMUNEN;RCA00329;Bezahlt;6,71;6,71;9,69;9,69;0;0;16,4;16,4
R001059;R-CA 132E;2;Laaber;Laaber / C104;2025-07;finished;04.07.2025 10:00;04.07.2025 13:30;04.07.2025 10:08;04.07.2025 11:03;;3,5;0,92;10;Firmen-Tarif Dienstfahrten;Firmenkunden;4;CARL-KOMMUNEN;RCA00329;Bezahlt;5,08;5,08;1,9;1,9;0;0;6,98;6,98
R001060;R-CA 132E;2;Laaber;Laaber / C104;2025-07;finished;09.07.2025 10:00;09.07.2025 13:30;09.07.2025 09:54;09.07.2025 10:46;;3,5;0,85;6;Firmen-Tarif Dienstfahrten;Firmenkunden;4;CARL-KOMMUNEN;RCA00329;Bezahlt;4,92;4,92;1,14;1,14;0;0;6,06;6,06
R001061;R-CA 132E;2;Laaber;Laaber / C104;2025-07;finished;10.07.2025 10:00;10.07.2025 13:30;10.07.2025 10:09;10.07.2025 10:59;;3,5;0,82;6;Firmen-Tarif Dienstfahrten;Firmenkunden;4;CARL-KOMMUNEN;RCA00329;Bezahlt;4,96;4,96;1,14;1,14;0;0;6,1;6,1
R001062;R-CA 132E;2;Laaber;Laaber / C104;2025-07;finished;11.07.2025 10:00;11.07.2025 13:30;11.07.2025 10:04;11.07.2025 11:16;;3,5;1,2;2;Firmen-Tarif Dienstfahrten;Firmenkunden;4;CARL-KOMMUNEN;RCA00329;Bezahlt;5,42;5,42;0,38;0,38;0;0;5,8;5,8
R001063;R-CA 132E;2;Laaber;Laaber / C104;2025-07;finished;16.07.2025 10:00;16.07.2025 13:30;16.07.2025 10:07;16.07.2025 11:08;;3,5;1;4;Firmen-Tarif Dienstfahrten;Firmenkunden;4;CARL-KOMMUNEN;RCA00329;Bezahlt;5,21;5,21;0,76;0,76;0;0;5,97;5,97
R001064;R-CA 132E;2;Laaber;Laaber / C104;2025-07;finished;17.07.2025 10:00;17.07.2025 13:30;17.07.2025 10:05;17.07.2025 11:40;;3,5;1,58;16;Firmen-Tarif Dienstfahrten;Firmenkunden;4;CARL-KOMMUNEN;RCA00329;Bezahlt;6;6;3,04;3,04;0;0;9,04;9,04
R001065;R-CA 132E;2;Laaber;Laaber / C104;2025-07;cancelled;18.07.2025 10:00;18.07.2025 13:30;;;01.07.2025 17:07;3,5;;;Firmen-Tarif Dienstfahrten;Firmenkunden;4;CARL-KOMMUNEN;RCA00329;Bezahlt;0;0;0;0;0;0;0;0
R001066;R-CA 132E;2;Laaber;Laaber / C104;2025-07;cancelled;30.07.2025 10:00;30.07.2025 13:30;;;23.07.2025 09:51;3,5;;;Firmen-Tarif Dienstfahrten;Firmenkunden;4;CARL-KOMMUNEN;RCA00329;Bezahlt;0;0;0;0;0;0;0;0
R001067;R-CA 132E;2;Laaber;Laaber / C104;2025-07;finished;31.07.2025 10:00;31.07.2025 13:30;31.07.2025 10:08;31.07.2025 12:00;;3,5;1,87;19;Firmen-Tarif Dienstfahrten;Firmenkunden;4;CARL-KOMMUNEN;RCA00329;Bezahlt;6,5;6,5;3,61;3,61;0;0;10,11;10,11
R001068;R-CA 132E;2;Laaber;Laaber / C104;2025-07;finished;23.07.2025 10:00;23.07.2025 13:30;23.07.2025 09:53;23.07.2025 10:33;;3,5;0,67;10;Firmen-Tarif Dienstfahrten;Firmenkunden;4;CARL-KOMMUNEN;RCA00329;Bezahlt;4,63;4,63;1,9;1,9;0;0;6,53;6,53
R001069;R-CA 132E;2;Laaber;Laaber / C104;2025-07;cancelled;24.07.2025 10:00;24.07.2025 13:30;;;16.07.2025 12:19;3,5;;;Firmen-Tarif Dienstfahrten;Firmenkunden;4;CARL-KOMMUNEN;RCA00329;Bezahlt;0;0;0;0;0;0;0;0
R001135;R-CA 132E;2;Laaber;Laaber / C104;2025-07;cancelled;12.07.2025 10:00;12.07.2025 19:00;;;11.07.2025 12:34;9;;;ÖPNV-Abo-Tarif ;Privatkunden;2;CARL;;Keine Zahlung;0;0;0;0;0;0;0;0
R001174;R-CA 132E;2;Laaber;Laaber / C104;2025-07;finished;13.07.2025 13:45;13.07.2025 17:15;13.07.2025 13:58;13.07.2025 17:08;;3,5;3,15;40;ÖPNV-Abo-Tarif ;Privatkunden;2;CARL;RCA00304;Bezahlt;8,58;8,58;7,6;7,6;2,5;0;18,68;18,68
R001175;R-CA 132E;2;Laaber;Laaber / C104;2025-07;finished;15.07.2025 07:30;15.07.2025 13:00;15.07.2025 07:43;15.07.2025 11:59;;5,5;4,25;60;ÖPNV-Abo-Tarif ;Privatkunden;2;CARL;RCA00304;Bezahlt;12,25;12,25;11,4;11,4;2,5;0;26,15;26,15
R001211;R-CA 132E;2;Laaber;Laaber / C104;2025-07;cancelled;04.08.2025 09:30;04.08.2025 16:00;;;30.07.2025 20:26;6,5;;;ÖPNV-Abo-Tarif ;Privatkunden;2;CARL;;Keine Zahlung;0;0;0;0;0;0;0;0
R001213;R-CA 132E;2;Laaber;Laaber / C104;2025-07;finished;18.07.2025 12:00;18.07.2025 13:45;18.07.2025 12:01;18.07.2025 13:48;;1,75;1,77;77;Basis-Tarif ;Privatkunden;2;CARL;RCA00311;Bezahlt;4,5;4,5;14,63;14,63;2,5;0;21,63;21,63
R001218;R-CA 132E;2;Laaber;Laaber / C104;2025-07;finished;19.07.2025 14:30;19.07.2025 15:30;19.07.2025 14:27;19.07.2025 14:56;;1;0,48;17;ÖPNV-Abo-Tarif ;Privatkunden;2;CARL;;Keine Zahlung;1,79;1,79;3,23;3,23;2,5;0;7,52;0
R001247;R-CA 132E;2;Laaber;Laaber / C104;2025-09;finished;10.09.2025 06:15;12.09.2025 18:00;10.09.2025 06:23;12.09.2025 16:41;;59,75;58,28;208;ÖPNV-Abo-Tarif ;Privatkunden;2;CARL;RCA00440;Bezahlt;107,42;107,42;39,52;39,52;2,5;0;149,44;149,44
R001270;R-CA 132E;2;Laaber;Laaber / C104;2025-08;finished;01.08.2025 10:00;01.08.2025 13:30;01.08.2025 09:57;01.08.2025 11:59;;3,5;2,03;23;Firmen-Tarif Dienstfahrten;Firmenkunden;4;CARL-KOMMUNEN;RCA00378;Bezahlt;6,63;6,63;4,37;4,37;0;0;11;11
R001271;R-CA 132E;2;Laaber;Laaber / C104;2025-08;finished;06.08.2025 10:00;06.08.2025 13:30;06.08.2025 10:11;06.08.2025 11:05;;3,5;0,9;2;Firmen-Tarif Dienstfahrten;Firmenkunden;4;CARL-KOMMUNEN;RCA00378;Bezahlt;5,17;5,17;0,38;0,38;0;0;5,55;5,55
R001272;R-CA 132E;2;Laaber;Laaber / C104;2025-08;finished;07.08.2025 10:00;07.08.2025 13:30;07.08.2025 10:05;07.08.2025 12:01;;3,5;1,93;18;Firmen-Tarif Dienstfahrten;Firmenkunden;4;CARL-KOMMUNEN;RCA00378;Bezahlt;6,54;6,54;3,42;3,42;0;0;9,96;9,96
R001273;R-CA 132E;2;Laaber;Laaber / C104;2025-08;finished;08.08.2025 10:00;08.08.2025 13:30;08.08.2025 10:15;08.08.2025 11:37;;3,5;1,37;14;Firmen-Tarif Dienstfahrten;Firmenkunden;4;CARL-KOMMUNEN;RCA00378;Bezahlt;5,96;5,96;2,66;2,66;0;0;8,62;8,62
R001274;R-CA 132E;2;Laaber;Laaber / C104;2025-08;finished;13.08.2025 10:00;13.08.2025 13:30;13.08.2025 10:09;13.08.2025 10:59;;3,5;0,82;6;Firmen-Tarif Dienstfahrten;Firmenkunden;4;CARL-KOMMUNEN;RCA00378;Bezahlt;4,96;4,96;1,14;1,14;0;0;6,1;6,1
R001275;R-CA 132E;2;Laaber;Laaber / C104;2025-08;finished;14.08.2025 10:00;14.08.2025 13:30;14.08.2025 10:04;14.08.2025 11:42;;3,5;1,63;12;Firmen-Tarif Dienstfahrten;Firmenkunden;4;CARL-KOMMUNEN;RCA00378;Bezahlt;6,08;6,08;2,28;2,28;0;0;8,36;8,36
R001276;R-CA 132E;2;Laaber;Laaber / C104;2025-07;cancelled;15.08.2025 10:00;15.08.2025 13:30;;;31.07.2025 14:20;3,5;;;Firmen-Tarif Dienstfahrten;Firmenkunden;4;CARL-KOMMUNEN;RCA00329;Bezahlt;0;0;0;0;0;0;0;0
R001361;R-CA 132E;2;Laaber;Laaber / C104;2025-09;finished;03.09.2025 10:00;03.09.2025 13:30;03.09.2025 10:14;03.09.2025 11:37;;3,5;1,38;8;Firmen-Tarif Dienstfahrten;Firmenkunden;4;CARL-KOMMUNEN;RCA00437;Bezahlt;5,92;5,92;1,52;1,52;0;0;7,44;7,44
R001362;R-CA 132E;2;Laaber;Laaber / C104;2025-09;finished;04.09.2025 10:00;04.09.2025 13:30;04.09.2025 10:16;04.09.2025 11:52;;3,5;1,58;14;Firmen-Tarif Dienstfahrten;Firmenkunden;4;CARL-KOMMUNEN;RCA00437;Bezahlt;6,33;6,33;2,66;2,66;0;0;8,99;8,99
R001363;R-CA 132E;2;Laaber;Laaber / C104;2025-09;finished;05.09.2025 10:00;05.09.2025 13:30;05.09.2025 10:02;05.09.2025 11:12;;3,5;1,15;2;Firmen-Tarif Dienstfahrten;Firmenkunden;4;CARL-KOMMUNEN;RCA00437;Bezahlt;5,29;5,29;0,38;0,38;0;0;5,67;5,67
R001364;R-CA 132E;2;Laaber;Laaber / C104;2025-09;finished;17.09.2025 10:00;17.09.2025 13:30;17.09.2025 10:03;17.09.2025 11:01;;3,5;0,97;7;Firmen-Tarif Dienstfahrten;Firmenkunden;4;CARL-KOMMUNEN;RCA00437;Bezahlt;5,04;5,04;1,33;1,33;0;0;6,37;6,37
R001442;R-CA 132E;2;Laaber;Laaber / C104;2025-09;finished;18.09.2025 10:00;18.09.2025 13:30;18.09.2025 10:00;18.09.2025 12:09;;3,5;2,15;21;Firmen-Tarif Dienstfahrten;Firmenkunden;4;CARL-KOMMUNEN;RCA00437;Bezahlt;6,75;6,75;3,99;3,99;0;0;10,74;10,74
R001443;R-CA 132E;2;Laaber;Laaber / C104;2025-09;finished;19.09.2025 10:00;19.09.2025 13:30;19.09.2025 10:22;19.09.2025 11:45;;3,5;1,37;16;Firmen-Tarif Dienstfahrten;Firmenkunden;4;CARL-KOMMUNEN;RCA00437;Bezahlt;6,13;6,13;3,04;3,04;0;0;9,17;9,17
R001449;R-CA 132E;2;Laaber;Laaber / C104;2025-09;finished;02.09.2025 06:30;02.09.2025 17:30;02.09.2025 06:30;02.09.2025 17:25;;11;10,92;67;ÖPNV-Abo-Tarif ;Privatkunden;2;CARL;RCA00440;Bezahlt;27,42;27,42;12,73;12,73;2,5;0;42,65;32,65
R001502;R-CA 132E;2;Laaber;Laaber / C104;2025-09;cancelled;21.09.2025 09:00;21.09.2025 14:00;;;20.09.2025 16:09;5;;;Basis-Tarif ;Privatkunden;2;CARL;;;0;0;0;0;0;0;0;0
R001559;R-CA 132E;2;Laaber;Laaber / C104;2025-09;finished;26.09.2025 06:15;26.09.2025 19:00;26.09.2025 06:22;26.09.2025 14:16;;12,75;7,9;55;ÖPNV-Abo-Tarif ;Privatkunden;2;CARL;RCA00440;Bezahlt;24,79;24,79;10,45;10,45;2,5;0;37,74;37,74
R001113;R-CA 136E;5;Köfering;Köfering / C103;2025-07;finished;06.07.2025 09:30;06.07.2025 18:00;06.07.2025 09:41;06.07.2025 17:22;;8,5;7,67;225;Basis-Tarif ;Privatkunden;2;CARL;RCA00310;Bezahlt;20,33;20,33;42,75;42,75;2,5;0;65,58;65,58
R001138;R-CA 136E;5;Köfering;Köfering / C103;2025-07;finished;11.07.2025 15:00;12.07.2025 20:41;11.07.2025 15:59;12.07.2025 20:41;;29,68;28,68;268;Basis-Tarif ;Privatkunden;2;CARL;RCA00310;Bezahlt;54,21;54,21;50,92;50,92;2,5;0;107,63;107,63
R001196;R-CA 136E;5;Köfering;Köfering / C103;2025-07;finished;16.07.2025 12:15;16.07.2025 16:15;16.07.2025 12:22;16.07.2025 15:23;;4;3;30;Kommunal-Tarif Dienstfahrten;Fahrzeugsteller;4;CARL-KOMMUNEN;RCA00276;Offen;8,71;8,71;5,7;5,7;0;0;14,41;14,41
R001278;R-CA 136E;5;Köfering;Köfering / C103;2025-08;finished;02.08.2025 07:00;02.08.2025 14:00;02.08.2025 07:15;02.08.2025 14:04;;7;6,82;124;Basis-Tarif ;Privatkunden;2;CARL;RCA00369;Bezahlt;17,71;17,71;23,56;23,56;2,5;0;43,77;43,77
R001310;R-CA 136E;5;Köfering;Köfering / C103;2025-08;finished;04.08.2025 11:15;04.08.2025 11:45;04.08.2025 11:32;04.08.2025 11:45;;0,5;0,2;0;Betreiber-Tarif GFN-Servicefahrten;Fahrzeugsteller;1;FREE;;Keine Zahlung;0;0;0;0;0;0;0;0
R001323;R-CA 136E;5;Köfering;Köfering / C103;2025-08;finished;07.08.2025 15:15;07.08.2025 18:30;07.08.2025 14:59;07.08.2025 17:29;;3,25;2,5;27;Basis-Tarif ;Privatkunden;2;CARL;RCA00369;Bezahlt;7,25;7,25;5,13;5,13;2,5;0;14,88;14,88
R001351;R-CA 136E;5;Köfering;Köfering / C103;2025-08;finished;14.08.2025 15:15;14.08.2025 18:00;14.08.2025 15:04;14.08.2025 17:24;;2,75;2,33;23;Basis-Tarif ;Privatkunden;2;CARL;RCA00369;Bezahlt;6,42;6,42;4,37;4,37;2,5;0;13,29;13,29
R001384;R-CA 136E;5;Köfering;Köfering / C103;2025-08;finished;21.08.2025 11:00;21.08.2025 21:45;21.08.2025 10:47;21.08.2025 17:56;;10,75;7,13;155;Basis-Tarif ;Privatkunden;2;CARL;RCA00377;Bezahlt;21,71;21,71;29,45;29,45;2,5;0;53,66;53,66
R001389;R-CA 136E;5;Köfering;Köfering / C103;2025-08;cancelled;30.08.2025 09:00;30.08.2025 22:00;;;26.08.2025 21:15;13;;;ÖPNV-Abo-Tarif ;Privatkunden;2;CARL;RCA00361;Bezahlt;0;0;0;0;0;0;0;0
R001397;R-CA 136E;5;Köfering;Köfering / C103;2025-08;finished;23.08.2025 13:00;23.08.2025 18:00;23.08.2025 12:47;23.08.2025 17:56;;5;5,15;99;Basis-Tarif ;Privatkunden;2;CARL;RCA00369;Bezahlt;12,96;12,96;18,81;18,81;2,5;0;34,27;34,27
R001486;R-CA 136E;5;Köfering;Köfering / C103;2025-09;finished;23.09.2025 10:00;23.09.2025 17:00;23.09.2025 10:13;23.09.2025 16:31;;7;6,3;29;Kommunal-Tarif Dienstfahrten;Fahrzeugsteller;4;CARL-KOMMUNEN;RCA00397;Offen;16,79;16,79;5,51;5,51;0;0;22,3;22,3
R001509;R-CA 136E;5;Köfering;Köfering / C103;2025-09;finished;15.09.2025 11:45;15.09.2025 12:00;15.09.2025 11:42;15.09.2025 11:43;;0,25;0,02;0;Betreiber-Tarif GFN-Servicefahrten;Fahrzeugsteller;1;FREE;;Keine Zahlung;0;0;0;0;0;0;0;0
R001538;R-CA 136E;5;Köfering;Köfering / C103;2025-09;cancelled;22.09.2025 20:30;22.09.2025 21:30;;;22.09.2025 13:44;1;;;Basis-Tarif ;Privatkunden;2;CARL;RCA00421;Bezahlt;1;1;0;0;2,5;0;3,5;3,5
R001576;R-CA 136E;5;Köfering;Köfering / C103;2025-09;finished;25.09.2025 12:30;30.09.2025 18:00;25.09.2025 12:36;27.09.2025 10:07;;125,5;45,52;123;Basis-Tarif ;Privatkunden;2;CARL;RCA00400;Bezahlt;133,96;133,96;23,37;23,37;2,5;0;159,83;159,83
R001621;R-CA 136E;5;Köfering;Köfering / C103;2025-09;finished;30.09.2025 13:15;30.09.2025 13:45;30.09.2025 13:30;30.09.2025 13:34;;0,5;0,07;0;Betreiber-Tarif GFN-Servicefahrten;Fahrzeugsteller;1;FREE;;Keine Zahlung;0;0;0;0;0;0;0;0
R001039;R-CA 140E;11;Regenstauf;Regenstauf / C110;2025-07;finished;05.07.2025 15:00;06.07.2025 02:00;05.07.2025 15:03;05.07.2025 23:54;;11;8,83;162;ÖPNV-Abo-Tarif ;Privatkunden;2;CARL;RCA00291;Bezahlt;24,38;24,38;30,78;30,78;2,5;0;57,66;47,66
R001101;R-CA 140E;11;Regenstauf;Regenstauf / C110;2025-07;finished;01.07.2025 07:45;01.07.2025 13:00;01.07.2025 08:16;01.07.2025 12:21;;5,25;4,08;35;Basis-Tarif ;Privatkunden;2;CARL;RCA00298;Bezahlt;12,17;12,17;6,65;6,65;2,5;0;21,32;21,32
R001115;R-CA 140E;11;Regenstauf;Regenstauf / C110;2025-07;finished;02.07.2025 19:15;02.07.2025 20:45;02.07.2025 19:07;02.07.2025 20:19;;1,5;1,2;38;Eco-Tarif ;Sonstiges;5;CARL-ECO;RCA00314;Bezahlt;3,46;3,46;6,08;6,08;0;0;9,54;0
R001122;R-CA 140E;11;Regenstauf;Regenstauf / C110;2025-07;finished;03.07.2025 15:30;03.07.2025 16:45;03.07.2025 15:29;03.07.2025 16:40;;1,25;1,18;37;Eco-Tarif ;Sonstiges;5;CARL-ECO;RCA00314;Bezahlt;3,08;3,08;5,92;5,92;0;0;9;0
R001127;R-CA 140E;11;Regenstauf;Regenstauf / C110;2025-07;finished;04.07.2025 16:45;04.07.2025 18:00;04.07.2025 16:44;04.07.2025 17:33;;1,25;0,82;37;Eco-Tarif ;Sonstiges;5;CARL-ECO;RCA00314;Bezahlt;2,5;2,5;5,92;5,92;0;0;8,42;6,96
R001147;R-CA 140E;11;Regenstauf;Regenstauf / C110;2025-07;finished;08.07.2025 13:15;08.07.2025 16:00;08.07.2025 13:12;08.07.2025 16:00;;2,75;2,78;37;Eco-Tarif ;Sonstiges;5;CARL-ECO;RCA00314;Bezahlt;6,96;6,96;5,92;5,92;0;0;12,88;12,88
R001154;R-CA 140E;11;Regenstauf;Regenstauf / C110;2025-07;finished;09.07.2025 21:00;10.07.2025 03:00;09.07.2025 21:08;10.07.2025 02:41;;6;5,53;351;Eco-Tarif ;Sonstiges;5;CARL-ECO;RCA00314;Bezahlt;14,54;14,54;56,16;56,16;0;0;70,7;70,7
R001160;R-CA 140E;11;Regenstauf;Regenstauf / C110;2025-07;finished;11.07.2025 09:30;11.07.2025 14:30;11.07.2025 09:57;11.07.2025 14:13;;5;4,27;32;Basis-Tarif ;Privatkunden;2;CARL;RCA00298;Bezahlt;12,08;12,08;6,08;6,08;2,5;0;20,66;20,66
R001161;R-CA 140E;11;Regenstauf;Regenstauf / C110;2025-07;finished;11.07.2025 15:00;11.07.2025 17:30;11.07.2025 14:51;11.07.2025 16:47;;2,5;1,93;37;Eco-Tarif ;Sonstiges;5;CARL-ECO;RCA00314;Bezahlt;5,58;5,58;5,92;5,92;0;0;11,5;11,5
R001168;R-CA 140E;11;Regenstauf;Regenstauf / C110;2025-07;finished;12.07.2025 14:30;12.07.2025 18:15;12.07.2025 14:47;12.07.2025 17:26;;3,75;2,65;40;Eco-Tarif ;Sonstiges;5;CARL-ECO;RCA00314;Bezahlt;8,17;8,17;6,4;6,4;0;0;14,57;14,57
R001185;R-CA 140E;11;Regenstauf;Regenstauf / C110;2025-07;finished;16.07.2025 08:15;16.07.2025 14:00;16.07.2025 08:39;16.07.2025 13:30;;5,75;4,85;54;Basis-Tarif ;Privatkunden;2;CARL;RCA00298;Bezahlt;13,63;13,63;10,26;10,26;2,5;0;26,39;26,39
R001190;R-CA 140E;11;Regenstauf;Regenstauf / C110;2025-07;finished;15.07.2025 23:00;16.07.2025 01:00;15.07.2025 22:50;16.07.2025 00:46;;2;1,92;37;Studierenden-Tarif ;Privatkunden;2;CARL;RCA00312;Bezahlt;5,04;5,04;7,03;7,03;2,5;0;14,57;4,57
R001198;R-CA 140E;11;Regenstauf;Regenstauf / C110;2025-07;finished;16.07.2025 16:30;16.07.2025 20:30;16.07.2025 16:42;16.07.2025 20:18;;4;3,58;97;Eco-Tarif ;Sonstiges;5;CARL-ECO;RCA00314;Bezahlt;9,71;9,71;15,52;15,52;0;0;25,23;25,23
R001216;R-CA 140E;11;Regenstauf;Regenstauf / C110;2025-07;finished;19.07.2025 13:30;19.07.2025 20:30;19.07.2025 13:31;19.07.2025 20:10;;7;6,63;139;Eco-Tarif ;Sonstiges;5;CARL-ECO;RCA00314;Bezahlt;17;17;22,24;22,24;0;0;39,24;39,24
R001222;R-CA 140E;11;Regenstauf;Regenstauf / C110;2025-07;finished;21.07.2025 10:45;21.07.2025 15:00;21.07.2025 11:18;21.07.2025 14:31;;4,25;3,2;42;Basis-Tarif ;Privatkunden;2;CARL;RCA00298;Bezahlt;9,92;9,92;7,98;7,98;2,5;0;20,4;20,4
R001224;R-CA 140E;11;Regenstauf;Regenstauf / C110;2025-07;finished;21.07.2025 16:00;21.07.2025 19:00;21.07.2025 16:01;21.07.2025 18:42;;3;2,67;72;Basis-Tarif ;Privatkunden;2;CARL;RCA00279;Bezahlt;7,04;7,04;13,68;13,68;2,5;0;23,22;23,22
R001280;R-CA 140E;11;Regenstauf;Regenstauf / C110;2025-07;finished;29.07.2025 18:00;29.07.2025 22:30;29.07.2025 17:51;29.07.2025 22:20;;4,5;4,47;43;Basis-Tarif ;Privatkunden;2;CARL;RCA00315;Bezahlt;11,38;11,38;8,17;8,17;2,5;0;22,05;22,05
R001281;R-CA 140E;11;Regenstauf;Regenstauf / C110;2025-08;cancelled;06.08.2025 09:00;06.08.2025 12:00;;;01.08.2025 13:48;3;;;Basis-Tarif ;Privatkunden;2;CARL;RCA00372;Bezahlt;0;0;0;0;0;0;0;0
R001284;R-CA 140E;11;Regenstauf;Regenstauf / C110;2025-07;finished;31.07.2025 12:00;31.07.2025 18:00;31.07.2025 12:23;31.07.2025 13:01;;6;0,62;16;Basis-Tarif ;Privatkunden;2;CARL;RCA00305;Bezahlt;7,54;7,54;3,04;3,04;2,5;0;13,08;13,08
R001294;R-CA 140E;11;Regenstauf;Regenstauf / C110;2025-08;finished;01.08.2025 14:15;02.08.2025 08:00;01.08.2025 14:09;02.08.2025 08:09;;17,75;17,98;123;Eco-Tarif ;Sonstiges;5;CARL-ECO;RCA00371;Bezahlt;40;40;19,68;19,68;0;0;59,68;59,68
R001296;R-CA 140E;11;Regenstauf;Regenstauf / C110;2025-08;finished;02.08.2025 08:30;02.08.2025 22:30;02.08.2025 08:33;02.08.2025 22:11;;14;13,63;291;Basis-Tarif ;Privatkunden;2;CARL;RCA00348;Bezahlt;34,54;34,54;55,29;55,29;2,5;0;92,33;92,33
R001304;R-CA 140E;11;Regenstauf;Regenstauf / C110;2025-08;finished;03.08.2025 02:15;03.08.2025 21:30;03.08.2025 02:04;03.08.2025 20:44;;19,25;18,65;78;Eco-Tarif ;Sonstiges;5;CARL-ECO;RCA00371;Bezahlt;40;40;12,48;12,48;0;0;52,48;52,48
R001325;R-CA 140E;11;Regenstauf;Regenstauf / C110;2025-08;finished;07.08.2025 10:00;07.08.2025 22:00;07.08.2025 10:18;07.08.2025 23:05;;12;12,78;292;Basis-Tarif ;Privatkunden;2;CARL;RCA00348;Bezahlt;32,75;32,75;55,48;55,48;2,5;20;110,73;110,73
R001332;R-CA 140E;11;Regenstauf;Regenstauf / C110;2025-08;finished;09.08.2025 17:15;09.08.2025 20:15;09.08.2025 17:20;09.08.2025 19:57;;3;2,62;23;Kommunal-Tarif Dienstfahrten;Fahrzeugsteller;4;CARL-KOMMUNEN;RCA00350;Offen;7,08;7,08;4,37;4,37;0;0;11,45;11,45
R001336;R-CA 140E;11;Regenstauf;Regenstauf / C110;2025-08;finished;09.08.2025 21:30;10.08.2025 21:30;09.08.2025 21:27;10.08.2025 20:54;;24;23,43;82;Eco-Tarif ;Sonstiges;5;CARL-ECO;RCA00371;Bezahlt;40;40;13,12;13,12;0;0;53,12;53,12
R001350;R-CA 140E;11;Regenstauf;Regenstauf / C110;2025-08;finished;11.08.2025 23:30;12.08.2025 00:30;11.08.2025 23:16;11.08.2025 23:57;;1;0,67;16;ÖPNV-Abo-Tarif ;Privatkunden;2;CARL;;Keine Zahlung;2,21;2,21;3,04;3,04;2,5;0;7,75;0
R001353;R-CA 140E;11;Regenstauf;Regenstauf / C110;2025-08;finished;12.08.2025 18:30;12.08.2025 23:30;12.08.2025 18:17;12.08.2025 21:52;;5;3,57;37;Studierenden-Tarif ;Privatkunden;2;CARL;RCA00367;Bezahlt;10,54;10,54;7,03;7,03;2,5;0;20,07;10,07
R001416;R-CA 140E;11;Regenstauf;Regenstauf / C110;2025-08;finished;26.08.2025 10:00;26.08.2025 15:00;26.08.2025 11:12;26.08.2025 12:48;;5;1,6;35;Betreiber-Tarif GFN-Servicefahrten;Fahrzeugsteller;1;FREE;;Keine Zahlung;0;0;0;0;0;0;0;0
R001432;R-CA 140E;11;Regenstauf;Regenstauf / C110;2025-08;finished;30.08.2025 16:00;31.08.2025 03:00;30.08.2025 17:54;31.08.2025 01:33;;11;7,65;198;Firmen-Tarif Dienstfahrten;Firmenkunden;4;CARL-KOMMUNEN;RCA00380;Bezahlt;25,33;25,33;37,62;37,62;0;0;62,95;62,95
R001450;R-CA 140E;11;Regenstauf;Regenstauf / C110;2025-09;finished;01.09.2025 21:45;01.09.2025 23:30;01.09.2025 21:40;01.09.2025 22:55;;1,75;1,23;109;Basis-Tarif ;Privatkunden;2;CARL;RCA00398;Bezahlt;3,67;3,67;20,71;20,71;2,5;0;26,88;26,88
R001461;R-CA 140E;11;Regenstauf;Regenstauf / C110;2025-09;finished;05.09.2025 17:00;06.09.2025 19:00;05.09.2025 17:01;06.09.2025 18:48;;26;25,77;490;Eco-Tarif ;Sonstiges;5;CARL-ECO;RCA00428;Bezahlt;44,71;44,71;78,4;78,4;0;0;123,11;123,11
R001474;R-CA 140E;11;Regenstauf;Regenstauf / C110;2025-09;finished;07.09.2025 11:45;07.09.2025 21:45;07.09.2025 11:45;07.09.2025 22:08;;10;10,38;297;Basis-Tarif ;Privatkunden;2;CARL;RCA00398;Bezahlt;26;26;56,43;56,43;2,5;5;89,93;89,93
R001499;R-CA 140E;11;Regenstauf;Regenstauf / C110;2025-09;finished;12.09.2025 17:45;12.09.2025 22:45;12.09.2025 17:37;12.09.2025 22:14;;5;4,6;36;Studierenden-Tarif ;Privatkunden;2;CARL;RCA00426;Bezahlt;12;12;6,84;6,84;2,5;0;21,34;11,34
R001501;R-CA 140E;11;Regenstauf;Regenstauf / C110;2025-09;finished;12.09.2025 22:45;13.09.2025 00:00;12.09.2025 22:41;12.09.2025 23:58;;1,25;1,28;37;Eco-Tarif ;Sonstiges;5;CARL-ECO;RCA00428;Bezahlt;3,25;3,25;5,92;5,92;0;0;9,17;9,17
R001503;R-CA 140E;11;Regenstauf;Regenstauf / C110;2025-09;finished;13.09.2025 13:00;13.09.2025 17:30;13.09.2025 13:10;13.09.2025 17:16;;4,5;4,08;253;Basis-Tarif ;Privatkunden;2;CARL;RCA00398;Bezahlt;10,92;10,92;48,07;48,07;2,5;0;61,49;61,49
R001508;R-CA 140E;11;Regenstauf;Regenstauf / C110;2025-09;finished;15.09.2025 09:45;15.09.2025 11:30;15.09.2025 09:58;15.09.2025 11:03;;1,75;1,08;35;Betreiber-Tarif GFN-Servicefahrten;Fahrzeugsteller;1;FREE;;Keine Zahlung;0;0;0;0;0;0;0;0
R001512;R-CA 140E;11;Regenstauf;Regenstauf / C110;2025-09;finished;24.09.2025 08:00;24.09.2025 15:00;24.09.2025 07:43;24.09.2025 13:57;;7;6,23;107;ÖPNV-Abo-Tarif ;Privatkunden;2;CARL;RCA00409;Bezahlt;16,67;16,67;20,33;20,33;2,5;0;39,5;29,5
R001516;R-CA 140E;11;Regenstauf;Regenstauf / C110;2025-09;cancelled;20.09.2025 16:30;21.09.2025 01:00;;;20.09.2025 16:08;8,5;;;ÖPNV-Abo-Tarif ;Privatkunden;2;CARL;RCA00413;Bezahlt;8,5;8,5;0;0;2,5;0;11;0
R001581;R-CA 140E;11;Regenstauf;Regenstauf / C110;2025-09;finished;26.09.2025 18:00;27.09.2025 03:00;26.09.2025 18:04;27.09.2025 01:26;;9;7,37;300;ÖPNV-Abo-Tarif ;Privatkunden;2;CARL;RCA00413;Bezahlt;20,17;20,17;57;57;2,5;0;79,67;60,67
R001588;R-CA 140E;11;Regenstauf;Regenstauf / C110;2025-09;finished;27.09.2025 20:45;27.09.2025 23:45;27.09.2025 20:42;27.09.2025 23:24;;3;2,68;38;Studierenden-Tarif ;Privatkunden;2;CARL;RCA00426;Bezahlt;7,04;7,04;7,22;7,22;2,5;0;16,76;16,76
R001100;R-CA 143E;12;Wenzenbach;Wenzenbach / C114;2025-07;finished;01.07.2025 15:00;01.07.2025 19:00;01.07.2025 15:29;01.07.2025 18:32;;4;3,05;47;Basis-Tarif ;Privatkunden;2;CARL;RCA00296;Bezahlt;9,33;9,33;8,93;8,93;2,5;0;20,76;20,76
R001103;R-CA 143E;12;Wenzenbach;Wenzenbach / C114;2025-07;finished;02.07.2025 06:00;02.07.2025 18:00;02.07.2025 05:56;02.07.2025 16:26;;12;10,5;40;Basis-Tarif ;Privatkunden;2;CARL;RCA00317;Bezahlt;27,79;27,79;7,6;7,6;2,5;0;37,89;37,89
R001141;R-CA 143E;12;Wenzenbach;Wenzenbach / C114;2025-08;cancelled;18.08.2025 06:00;18.08.2025 19:00;;;06.08.2025 09:28;13;;;Basis-Tarif ;Privatkunden;2;CARL;RCA00373;Bezahlt;0;0;0;0;0;0;0;0
R001142;R-CA 143E;12;Wenzenbach;Wenzenbach / C114;2025-07;finished;23.07.2025 06:00;23.07.2025 18:00;23.07.2025 06:00;23.07.2025 17:53;;12;11,88;63;Basis-Tarif ;Privatkunden;2;CARL;RCA00317;Bezahlt;29,83;29,83;11,97;11,97;2,5;0;44,3;44,3
R001143;R-CA 143E;12;Wenzenbach;Wenzenbach / C114;2025-07;finished;10.07.2025 08:00;10.07.2025 10:00;10.07.2025 08:50;10.07.2025 09:52;;2;1,02;3;Kommunal-Tarif Servicefahrten;Fahrzeugbetreuung;1;FREE;;Keine Zahlung;0;0;0;0;0;0;0;0
R001195;R-CA 143E;12;Wenzenbach;Wenzenbach / C114;2025-07;finished;17.07.2025 08:00;17.07.2025 10:00;17.07.2025 08:57;17.07.2025 09:04;;2;0,1;0;Kommunal-Tarif Servicefahrten;Fahrzeugbetreuung;1;FREE;;Keine Zahlung;0;0;0;0;0;0;0;0
R001206;R-CA 143E;12;Wenzenbach;Wenzenbach / C114;2025-07;expired;24.07.2025 08:00;24.07.2025 10:00;;;;2;;;Kommunal-Tarif Servicefahrten;Fahrzeugbetreuung;1;FREE;;Keine Zahlung;0;0;0;0;0;0;0;0
R001242;R-CA 143E;12;Wenzenbach;Wenzenbach / C114;2025-07;finished;29.07.2025 05:30;29.07.2025 19:30;29.07.2025 05:52;29.07.2025 17:53;;14;12;42;Basis-Tarif ;Privatkunden;2;CARL;RCA00317;Bezahlt;32,58;32,58;7,98;7,98;2,5;0;43,06;43,06
R001285;R-CA 143E;12;Wenzenbach;Wenzenbach / C114;2025-07;finished;31.07.2025 09:00;31.07.2025 10:30;31.07.2025 09:16;31.07.2025 09:46;;1,5;0,48;3;Kommunal-Tarif Servicefahrten;Fahrzeugbetreuung;1;FREE;;Keine Zahlung;0;0;0;0;0;0;0;0
R001290;R-CA 143E;12;Wenzenbach;Wenzenbach / C114;2025-07;finished;31.07.2025 21:30;31.07.2025 23:00;31.07.2025 21:21;31.07.2025 22:14;;1,5;0,88;19;ÖPNV-Abo-Tarif ;Privatkunden;2;CARL;;Keine Zahlung;2,96;2,96;3,61;3,61;2,5;0;9,07;0
R001322;R-CA 143E;12;Wenzenbach;Wenzenbach / C114;2025-08;finished;07.08.2025 07:30;07.08.2025 20:15;07.08.2025 07:35;07.08.2025 20:06;;12,75;12,5;21;Basis-Tarif ;Privatkunden;2;CARL;RCA00373;Bezahlt;31,67;31,67;3,99;3,99;2,5;0;38,16;38,16
R001365;R-CA 143E;12;Wenzenbach;Wenzenbach / C114;2025-08;finished;17.08.2025 13:00;17.08.2025 18:30;17.08.2025 12:52;17.08.2025 18:30;;5,5;5,62;40;Basis-Tarif ;Privatkunden;2;CARL;RCA00360;Bezahlt;14,08;14,08;7,6;7,6;2,5;0;24,18;24,18
R001367;R-CA 143E;12;Wenzenbach;Wenzenbach / C114;2025-08;finished;15.08.2025 11:45;15.08.2025 20:00;15.08.2025 11:44;15.08.2025 19:50;;8,25;8,1;52;Betreiber-Tarif GFN-Servicefahrten;Fahrzeugsteller;1;FREE;;Keine Zahlung;0;0;0;0;0;0;0;0
R001379;R-CA 143E;12;Wenzenbach;Wenzenbach / C114;2025-08;finished;19.08.2025 15:45;19.08.2025 18:30;19.08.2025 15:31;19.08.2025 19:34;;2,75;4,03;31;Basis-Tarif ;Privatkunden;2;CARL;RCA00364;Bezahlt;10,08;10,08;5,89;5,89;2,5;20;38,47;38,47
R001395;R-CA 143E;12;Wenzenbach;Wenzenbach / C114;2025-08;finished;28.08.2025 08:00;28.08.2025 10:00;28.08.2025 09:06;28.08.2025 09:08;;2;0,02;0;Kommunal-Tarif Servicefahrten;Fahrzeugbetreuung;1;FREE;;Keine Zahlung;0;0;0;0;0;0;0;0
R001422;R-CA 143E;12;Wenzenbach;Wenzenbach / C114;2025-08;finished;29.08.2025 17:00;29.08.2025 22:00;29.08.2025 17:17;29.08.2025 23:38;;5;6,33;35;Basis-Tarif ;Privatkunden;2;CARL;RCA00373;Bezahlt;16,58;16,58;6,65;6,65;2,5;20;45,73;45,73
R001423;R-CA 143E;12;Wenzenbach;Wenzenbach / C114;2025-09;expired;04.09.2025 08:00;04.09.2025 10:00;;;;2;;;Kommunal-Tarif Servicefahrten;Fahrzeugbetreuung;1;FREE;;Keine Zahlung;0;0;0;0;0;0;0;0
R001430;R-CA 143E;12;Wenzenbach;Wenzenbach / C114;2025-09;finished;03.09.2025 05:45;03.09.2025 16:45;03.09.2025 05:53;03.09.2025 16:28;;11;10,57;34;Basis-Tarif ;Privatkunden;2;CARL;RCA00431;Bezahlt;27,08;27,08;6,46;6,46;2,5;0;36,04;36,04
R001431;R-CA 143E;12;Wenzenbach;Wenzenbach / C114;2025-09;finished;16.09.2025 05:45;16.09.2025 16:15;16.09.2025 05:57;16.09.2025 15:59;;10,5;10,02;6;Basis-Tarif ;Privatkunden;2;CARL;RCA00431;Bezahlt;25,83;25,83;1,14;1,14;2,5;0;29,47;29,47
R001451;R-CA 143E;12;Wenzenbach;Wenzenbach / C114;2025-09;finished;02.09.2025 05:45;02.09.2025 20:15;02.09.2025 05:51;02.09.2025 20:15;;14,5;14,38;45;Basis-Tarif ;Privatkunden;2;CARL;RCA00431;Bezahlt;36,25;36,25;8,55;8,55;2,5;0;47,3;47,3
R001478;R-CA 143E;12;Wenzenbach;Wenzenbach / C114;2025-09;finished;13.09.2025 14:30;13.09.2025 19:00;13.09.2025 14:32;13.09.2025 18:28;;4,5;3,93;41;Basis-Tarif ;Privatkunden;2;CARL;RCA00424;Bezahlt;10,46;10,46;7,79;7,79;2,5;0;20,75;20,75
R001517;R-CA 143E;12;Wenzenbach;Wenzenbach / C114;2025-09;finished;24.09.2025 05:45;24.09.2025 19:45;24.09.2025 05:58;24.09.2025 18:53;;14;12,9;67;Basis-Tarif ;Privatkunden;2;CARL;RCA00431;Bezahlt;33,71;33,71;12,73;12,73;2,5;0;48,94;48,94
R001519;R-CA 143E;12;Wenzenbach;Wenzenbach / C114;2025-09;cancelled;26.09.2025 05:45;27.09.2025 19:45;;;23.09.2025 08:17;38;;;Basis-Tarif ;Privatkunden;2;CARL;RCA00431;Bezahlt;0;0;0;0;0;0;0;0
R001570;R-CA 143E;12;Wenzenbach;Wenzenbach / C114;2025-09;finished;25.09.2025 05:45;25.09.2025 19:45;25.09.2025 06:12;25.09.2025 19:25;;14;13,2;52;Basis-Tarif ;Privatkunden;2;CARL;RCA00431;Bezahlt;34,5;34,5;9,88;9,88;2,5;0;46,88;46,88
R001126;R-CA 109E;7;Lappersdorf;Lappersdorf / C105;2025-07;cancelled;04.07.2025 19:00;04.07.2025 23:45;;;04.07.2025 17:12;4,75;;;Basis-Tarif ;Privatkunden;2;CARL;RCA00328;Bezahlt;4,75;4,75;0;0;2,5;0;7,25;7,25
R001151;R-CA 109E;7;Lappersdorf;Lappersdorf / C105;2025-07;finished;09.07.2025 17:15;09.07.2025 19:15;09.07.2025 17:16;09.07.2025 18:58;;2;1,7;17;Basis-Tarif ;Privatkunden;2;CARL;RCA00301;Bezahlt;4,58;4,58;3,23;3,23;2,5;0;10,31;10,31
R001153;R-CA 109E;7;Lappersdorf;Lappersdorf / C105;2025-07;finished;09.07.2025 11:00;09.07.2025 12:00;09.07.2025 11:22;09.07.2025 11:41;;1;0,3;0;Kommunal-Tarif Servicefahrten;Fahrzeugbetreuung;1;FREE;;Keine Zahlung;0;0;0;0;0;0;0;0
R001162;R-CA 109E;7;Lappersdorf;Lappersdorf / C105;2025-07;finished;11.07.2025 14:15;11.07.2025 19:45;11.07.2025 14:35;11.07.2025 19:31;;5,5;4,93;40;Basis-Tarif ;Privatkunden;2;CARL;RCA00277;Bezahlt;13,42;13,42;7,6;7,6;2,5;0;23,52;23,52
R001163;R-CA 109E;7;Lappersdorf;Lappersdorf / C105;2025-07;finished;11.07.2025 22:15;12.07.2025 02:30;11.07.2025 22:10;12.07.2025 02:24;;4,25;4,23;110;Basis-Tarif ;Privatkunden;2;CARL;RCA00308;Bezahlt;10,71;10,71;20,9;20,9;2,5;0;34,11;34,11
R001166;R-CA 109E;7;Lappersdorf;Lappersdorf / C105;2025-07;finished;12.07.2025 17:00;12.07.2025 19:00;12.07.2025 16:59;12.07.2025 19:00;;2;2,02;16;Basis-Tarif ;Privatkunden;2;CARL;RCA00323;Fehlgeschlagen;5,04;5,04;3,04;3,04;2,5;0;10,58;10,58
R001167;R-CA 109E;7;Lappersdorf;Lappersdorf / C105;2025-07;finished;14.07.2025 10:00;14.07.2025 13:00;14.07.2025 09:54;14.07.2025 12:57;;3;3,05;32;ÖPNV-Abo-Tarif ;Privatkunden;2;CARL;RCA00325;Bezahlt;7,71;7,71;6,08;6,08;2,5;0;16,29;6,29
R001171;R-CA 109E;7;Lappersdorf;Lappersdorf / C105;2025-07;finished;13.07.2025 11:45;13.07.2025 18:00;13.07.2025 11:52;13.07.2025 17:54;;6,25;6,02;60;Basis-Tarif ;Privatkunden;2;CARL;RCA00280;Bezahlt;15,46;15,46;11,4;11,4;2,5;0;29,36;29,36
R001177;R-CA 109E;7;Lappersdorf;Lappersdorf / C105;2025-07;finished;15.07.2025 09:00;15.07.2025 12:00;15.07.2025 09:13;15.07.2025 11:27;;3;2,22;22;Basis-Tarif ;Privatkunden;2;CARL;RCA00328;Bezahlt;6,67;6,67;4,18;4,18;2,5;0;13,35;13,35
R001179;R-CA 109E;7;Lappersdorf;Lappersdorf / C105;2025-07;finished;14.07.2025 14:00;14.07.2025 14:15;14.07.2025 14:04;14.07.2025 14:07;;0,25;0,03;0;Betreiber-Tarif GFN-Servicefahrten;Fahrzeugsteller;1;FREE;;Keine Zahlung;0;0;0;0;0;0;0;0
R001187;R-CA 109E;7;Lappersdorf;Lappersdorf / C105;2025-07;finished;16.07.2025 07:30;16.07.2025 11:30;16.07.2025 07:32;16.07.2025 10:28;;4;2,92;12;ÖPNV-Abo-Tarif ;Privatkunden;2;CARL;RCA00307;Bezahlt;8,46;8,46;2,28;2,28;2,5;0;13,24;3,24
R001197;R-CA 109E;7;Lappersdorf;Lappersdorf / C105;2025-07;finished;16.07.2025 14:30;16.07.2025 15:00;16.07.2025 14:14;16.07.2025 14:58;;0,5;0,73;9;Basis-Tarif ;Privatkunden;2;CARL;RCA00305;Bezahlt;1,88;1,88;1,71;1,71;2,5;0;6,09;6,09
R001208;R-CA 109E;7;Lappersdorf;Lappersdorf / C105;2025-07;finished;19.07.2025 16:30;20.07.2025 00:15;19.07.2025 16:31;19.07.2025 23:26;;7,75;6,92;34;ÖPNV-Abo-Tarif ;Privatkunden;2;CARL;RCA00313;Bezahlt;18,17;18,17;6,46;6,46;2,5;0;27,13;17,13
R001228;R-CA 109E;7;Lappersdorf;Lappersdorf / C105;2025-07;finished;23.07.2025 16:30;23.07.2025 21:30;23.07.2025 16:38;23.07.2025 21:19;;5;4,68;49;Basis-Tarif ;Privatkunden;2;CARL;RCA00333;Bezahlt;12,25;12,25;9,31;9,31;2,5;0;24,06;24,06
R001229;R-CA 109E;7;Lappersdorf;Lappersdorf / C105;2025-07;finished;22.07.2025 10:45;22.07.2025 15:15;22.07.2025 10:38;22.07.2025 13:45;;4,5;3,1;15;ÖPNV-Abo-Tarif ;Privatkunden;2;CARL;RCA00307;Bezahlt;9,29;9,29;2,85;2,85;2,5;0;14,64;14,64
R001303;R-CA 109E;7;Lappersdorf;Lappersdorf / C105;2025-08;finished;03.08.2025 09:30;03.08.2025 17:30;03.08.2025 09:59;03.08.2025 17:29;;8;7,5;85;Basis-Tarif ;Privatkunden;2;CARL;RCA00385;Bezahlt;19,96;19,96;16,15;16,15;2,5;0;38,61;38,61
R001320;R-CA 109E;7;Lappersdorf;Lappersdorf / C105;2025-08;finished;06.08.2025 17:00;06.08.2025 21:30;06.08.2025 16:58;06.08.2025 21:30;;4,5;4,53;49;Basis-Tarif ;Privatkunden;2;CARL;RCA00385;Bezahlt;11,33;11,33;9,31;9,31;2,5;0;23,14;23,14
R001321;R-CA 109E;7;Lappersdorf;Lappersdorf / C105;2025-08;finished;06.08.2025 09:30;06.08.2025 10:30;06.08.2025 09:39;06.08.2025 09:54;;1;0,23;0;Kommunal-Tarif Servicefahrten;Fahrzeugbetreuung;1;FREE;;Keine Zahlung;0;0;0;0;0;0;0;0
R001341;R-CA 109E;7;Lappersdorf;Lappersdorf / C105;2025-08;cancelled;16.08.2025 08:45;16.08.2025 14:15;;;13.08.2025 22:57;5,5;;;Basis-Tarif ;Privatkunden;2;CARL;;;0;0;0;0;0;0;0;0
R001348;R-CA 109E;7;Lappersdorf;Lappersdorf / C105;2025-08;finished;11.08.2025 20:30;12.08.2025 06:30;11.08.2025 20:23;12.08.2025 06:04;;10;9,68;78;Basis-Tarif ;Privatkunden;2;CARL;RCA00376;Fehlgeschlagen;24,67;24,67;14,82;14,82;2,5;0;41,99;41,99
R001382;R-CA 109E;7;Lappersdorf;Lappersdorf / C105;2025-08;finished;18.08.2025 08:30;18.08.2025 13:30;18.08.2025 08:33;18.08.2025 12:59;;5;4,43;29;Basis-Tarif ;Privatkunden;2;CARL;RCA00372;Bezahlt;11,75;11,75;5,51;5,51;2,5;0;19,76;19,76
R001385;R-CA 109E;7;Lappersdorf;Lappersdorf / C105;2025-08;finished;19.08.2025 17:45;19.08.2025 22:30;19.08.2025 17:45;19.08.2025 22:06;;4,75;4,35;25;ÖPNV-Abo-Tarif ;Privatkunden;2;CARL;RCA00370;Bezahlt;11,29;11,29;4,75;4,75;2,5;0;18,54;8,54
R001388;R-CA 109E;7;Lappersdorf;Lappersdorf / C105;2025-09;finished;30.09.2025 08:15;30.09.2025 11:00;30.09.2025 08:14;30.09.2025 10:55;;2,75;2,68;23;Basis-Tarif ;Privatkunden;2;CARL;RCA00444;Bezahlt;6,83;6,83;4,37;4,37;2,5;0;13,7;13,7
R001391;R-CA 109E;7;Lappersdorf;Lappersdorf / C105;2025-08;finished;21.08.2025 10:45;21.08.2025 19:00;21.08.2025 11:06;21.08.2025 18:06;;8,25;6,98;53;Firmen-Tarif Dienstfahrten;Firmenkunden;4;CARL-KOMMUNEN;RCA00374;Bezahlt;19,29;19,29;10,07;10,07;0;0;29,36;29,36
R001415;R-CA 109E;7;Lappersdorf;Lappersdorf / C105;2025-08;finished;26.08.2025 16:00;26.08.2025 21:00;26.08.2025 16:10;26.08.2025 20:22;;5;4,2;49;Basis-Tarif ;Privatkunden;2;CARL;RCA00385;Bezahlt;11,54;11,54;9,31;9,31;2,5;0;23,35;23,35
R001420;R-CA 109E;7;Lappersdorf;Lappersdorf / C105;2025-08;finished;27.08.2025 10:15;27.08.2025 13:15;27.08.2025 10:36;27.08.2025 11:49;;3;1,2;16;Kommunal-Tarif Servicefahrten;Fahrzeugbetreuung;1;FREE;;Keine Zahlung;0;0;0;0;0;0;0;0
R001421;R-CA 109E;7;Lappersdorf;Lappersdorf / C105;2025-09;cancelled;05.09.2025 09:30;05.09.2025 17:00;;;04.09.2025 09:57;7,5;;;Basis-Tarif ;Privatkunden;2;CARL;;;0;0;0;0;0;0;0;0
R001437;R-CA 109E;7;Lappersdorf;Lappersdorf / C105;2025-08;finished;31.08.2025 13:15;31.08.2025 18:15;31.08.2025 13:11;31.08.2025 18:08;;5;4,93;101;Basis-Tarif ;Privatkunden;2;CARL;RCA00347;Bezahlt;12,5;12,5;19,19;19,19;2,5;0;34,19;34,19
R001440;R-CA 109E;7;Lappersdorf;Lappersdorf / C105;2025-09;finished;01.09.2025 11:00;01.09.2025 16:00;01.09.2025 11:01;01.09.2025 15:45;;5;4,72;37;Firmen-Tarif Dienstfahrten;Firmenkunden;4;CARL-KOMMUNEN;RCA00432;Bezahlt;12,13;12,13;7,03;7,03;0;0;19,16;14,16
R001445;R-CA 109E;7;Lappersdorf;Lappersdorf / C105;2025-09;finished;02.09.2025 14:00;02.09.2025 19:00;02.09.2025 13:46;02.09.2025 19:10;;5;5,4;155;Basis-Tarif ;Privatkunden;2;CARL;RCA00394;Bezahlt;13,5;13,5;29,45;29,45;2,5;0;45,45;45,45
R001454;R-CA 109E;7;Lappersdorf;Lappersdorf / C105;2025-09;finished;02.09.2025 09:15;02.09.2025 11:15;02.09.2025 09:19;02.09.2025 12:57;;2;3,63;20;ÖPNV-Abo-Tarif ;Privatkunden;2;CARL;RCA00423;Bezahlt;9,29;9,29;3,8;3,8;2,5;20;35,59;25,59
R001460;R-CA 109E;7;Lappersdorf;Lappersdorf / C105;2025-09;finished;03.09.2025 10:30;03.09.2025 12:30;03.09.2025 10:29;03.09.2025 12:02;;2;1,53;25;Basis-Tarif ;Privatkunden;2;CARL;RCA00394;Bezahlt;4,33;4,33;4,75;4,75;2,5;0;11,58;11,58
R001463;R-CA 109E;7;Lappersdorf;Lappersdorf / C105;2025-09;finished;04.09.2025 08:30;04.09.2025 16:15;04.09.2025 08:32;04.09.2025 16:15;;7,75;7,7;49;Basis-Tarif ;Privatkunden;2;CARL;RCA00395;Bezahlt;19,38;19,38;9,31;9,31;2,5;0;31,19;31,19
R001470;R-CA 109E;7;Lappersdorf;Lappersdorf / C105;2025-09;finished;05.09.2025 16:45;06.09.2025 00:00;05.09.2025 16:23;05.09.2025 23:39;;7,25;7,27;271;Basis-Tarif ;Privatkunden;2;CARL;RCA00398;Bezahlt;18,54;18,54;51,49;51,49;2,5;0;72,53;72,53
R001476;R-CA 109E;7;Lappersdorf;Lappersdorf / C105;2025-09;finished;08.09.2025 09:45;08.09.2025 10:45;08.09.2025 09:31;08.09.2025 10:20;;1;0,82;25;Basis-Tarif ;Privatkunden;2;CARL;RCA00422;Bezahlt;2,5;2,5;4,75;4,75;2,5;0;9,75;9,75
R001477;R-CA 109E;7;Lappersdorf;Lappersdorf / C105;2025-09;finished;09.09.2025 10:15;09.09.2025 11:45;09.09.2025 10:03;09.09.2025 11:15;;1,5;1,18;22;Basis-Tarif ;Privatkunden;2;CARL;RCA00422;Bezahlt;3,5;3,5;4,18;4,18;2,5;0;10,18;10,18
R001480;R-CA 109E;7;Lappersdorf;Lappersdorf / C105;2025-09;cancelled;12.09.2025 15:00;12.09.2025 23:30;;;12.09.2025 15:35;8,5;;;Basis-Tarif ;Privatkunden;2;CARL;RCA00396;Bezahlt;9,38;9,38;0;0;2,5;0;11,88;11,88
R001492;R-CA 109E;7;Lappersdorf;Lappersdorf / C105;2025-09;finished;11.09.2025 11:15;11.09.2025 12:30;11.09.2025 11:20;11.09.2025 12:06;;1,25;0,75;14;Betreiber-Tarif GFN-Servicefahrten;Fahrzeugsteller;1;FREE;;Keine Zahlung;0;0;0;0;0;0;0;0
R001493;R-CA 109E;7;Lappersdorf;Lappersdorf / C105;2025-09;finished;11.09.2025 13:00;11.09.2025 18:00;11.09.2025 13:10;11.09.2025 16:55;;5;3,73;31;ÖPNV-Abo-Tarif ;Privatkunden;2;CARL;RCA00423;Bezahlt;10,92;10,92;5,89;5,89;2,5;0;19,31;19,31
R001507;R-CA 109E;7;Lappersdorf;Lappersdorf / C105;2025-09;finished;15.09.2025 09:00;15.09.2025 13:30;15.09.2025 09:22;15.09.2025 13:17;;4,5;3,9;25;Firmen-Tarif Dienstfahrten;Firmenkunden;4;CARL-KOMMUNEN;RCA00432;Bezahlt;10,92;10,92;4,75;4,75;0;0;15,67;15,67
R001536;R-CA 109E;7;Lappersdorf;Lappersdorf / C105;2025-09;finished;20.09.2025 09:30;20.09.2025 18:00;20.09.2025 09:29;20.09.2025 20:47;;8,5;11,3;169;Basis-Tarif ;Privatkunden;2;CARL;RCA00444;Bezahlt;28,29;28,29;32,11;32,11;2,5;20;82,9;82,9
R001539;R-CA 109E;7;Lappersdorf;Lappersdorf / C105;2025-09;finished;22.09.2025 09:00;22.09.2025 12:45;22.09.2025 09:17;22.09.2025 12:34;;3,75;3,28;28;Firmen-Tarif Dienstfahrten;Firmenkunden;4;CARL-KOMMUNEN;RCA00432;Bezahlt;9,13;9,13;5,32;5,32;0;0;14,45;14,45
R001545;R-CA 109E;7;Lappersdorf;Lappersdorf / C105;2025-09;finished;18.09.2025 07:30;18.09.2025 12:00;18.09.2025 07:30;18.09.2025 11:41;;4,5;4,18;62;Firmen-Tarif Dienstfahrten;Firmenkunden;4;CARL-KOMMUNEN;RCA00432;Bezahlt;10,79;10,79;11,78;11,78;0;0;22,57;22,57
R001548;R-CA 109E;7;Lappersdorf;Lappersdorf / C105;2025-09;cancelled;19.09.2025 09:00;19.09.2025 11:00;;;18.09.2025 20:59;2;;;Basis-Tarif ;Privatkunden;2;CARL;;;0;0;0;0;0;0;0;0
R001549;R-CA 109E;7;Lappersdorf;Lappersdorf / C105;2025-09;finished;19.09.2025 07:30;19.09.2025 11:00;19.09.2025 07:35;19.09.2025 10:40;;3,5;3,08;49;Basis-Tarif ;Privatkunden;2;CARL;RCA00396;Bezahlt;8,25;8,25;9,31;9,31;2,5;0;20,06;20,06
R001551;R-CA 109E;7;Lappersdorf;Lappersdorf / C105;2025-09;finished;24.09.2025 08:00;24.09.2025 10:00;24.09.2025 07:52;24.09.2025 09:30;;2;1,63;23;Basis-Tarif ;Privatkunden;2;CARL;RCA00422;Bezahlt;4,58;4,58;4,37;4,37;2,5;0;11,45;11,45
R001580;R-CA 109E;7;Lappersdorf;Lappersdorf / C105;2025-09;finished;26.09.2025 09:00;26.09.2025 10:15;26.09.2025 09:03;26.09.2025 09:15;;1,25;0,18;0;Kommunal-Tarif Servicefahrten;Fahrzeugbetreuung;1;FREE;;;0;0;0;0;0;0;0;0
R001582;R-CA 109E;7;Lappersdorf;Lappersdorf / C105;2025-09;finished;29.09.2025 09:45;29.09.2025 10:45;29.09.2025 09:22;29.09.2025 10:23;;1;1;22;Basis-Tarif ;Privatkunden;2;CARL;RCA00422;Bezahlt;2,88;2,88;4,18;4,18;2,5;0;9,56;9,56
R001586;R-CA 109E;7;Lappersdorf;Lappersdorf / C105;2025-09;finished;27.09.2025 15:45;27.09.2025 16:45;27.09.2025 15:42;27.09.2025 16:36;;1;0,88;14;Basis-Tarif ;Privatkunden;2;CARL;RCA00422;Bezahlt;2,38;2,38;2,66;2,66;2,5;0;7,54;7,54
R001617;R-CA 109E;7;Lappersdorf;Lappersdorf / C105;2025-09;finished;29.09.2025 17:30;29.09.2025 18:30;29.09.2025 17:41;29.09.2025 18:35;;1;0,88;29;ÖPNV-Abo-Tarif ;Privatkunden;2;CARL;RCA00439;Bezahlt;2,71;2,71;5,51;5,51;2,5;0;10,72;0,72
R001049;R-CA 126E;1;Nittendorf;Nittendorf / C106;2025-08;finished;28.07.2025 12:00;01.08.2025 22:00;28.07.2025 12:40;01.08.2025 20:19;;106;103,65;534;Firmen-Tarif Dienstfahrten;Firmenkunden;4;CARL-KOMMUNEN;RCA00352;Offen;182,5;182,5;101,46;101,46;0;0;283,96;283,96
R001074;R-CA 126E;1;Nittendorf;Nittendorf / C106;2025-07;finished;02.07.2025 06:00;02.07.2025 15:00;02.07.2025 06:38;02.07.2025 14:49;;9;8,17;146;ÖPNV-Abo-Tarif ;Privatkunden;2;CARL;RCA00304;Bezahlt;22,21;22,21;27,74;27,74;2,5;0;52,45;52,45
R001078;R-CA 126E;1;Nittendorf;Nittendorf / C106;2025-07;finished;01.07.2025 08:15;01.07.2025 13:30;01.07.2025 08:11;01.07.2025 13:24;;5,25;5,22;73;ÖPNV-Abo-Tarif ;Privatkunden;2;CARL;RCA00304;Bezahlt;13,13;13,13;13,87;13,87;2,5;0;29,5;19,5
R001110;R-CA 126E;1;Nittendorf;Nittendorf / C106;2025-07;finished;09.07.2025 10:00;09.07.2025 17:00;09.07.2025 10:07;09.07.2025 15:57;;7;5,82;82;ÖPNV-Abo-Tarif ;Privatkunden;2;CARL;RCA00304;Bezahlt;15,92;15,92;15,58;15,58;2,5;0;34;34
R001111;R-CA 126E;1;Nittendorf;Nittendorf / C106;2025-07;finished;17.07.2025 06:30;17.07.2025 14:00;17.07.2025 06:37;17.07.2025 13:53;;7,5;7,27;94;ÖPNV-Abo-Tarif ;Privatkunden;2;CARL;RCA00304;Bezahlt;0;0;17,86;17,86;2,5;0;20,36;20,36
R001120;R-CA 126E;1;Nittendorf;Nittendorf / C106;2025-07;cancelled;18.07.2025 07:00;21.07.2025 12:00;;;17.07.2025 12:11;77;;;Kommunal-Tarif Servicefahrten;Fahrzeugbetreuung;1;FREE;;;0;0;0;0;0;0;0;0
R001124;R-CA 126E;1;Nittendorf;Nittendorf / C106;2025-07;finished;06.07.2025 12:00;06.07.2025 18:00;06.07.2025 11:51;06.07.2025 17:30;;6;5,63;87;ÖPNV-Abo-Tarif ;Privatkunden;2;CARL;RCA00304;Bezahlt;14,58;14,58;16,53;16,53;2,5;0;33,61;33,61
R001125;R-CA 126E;1;Nittendorf;Nittendorf / C106;2025-07;finished;13.07.2025 15:00;15.07.2025 23:45;13.07.2025 15:06;15.07.2025 18:36;;56,75;51,48;570;Firmen-Tarif Dienstfahrten;Firmenkunden;4;CARL-KOMMUNEN;RCA00284;Offen;94,17;94,17;108,3;108,3;0;0;202,47;202,47
R001131;R-CA 126E;1;Nittendorf;Nittendorf / C106;2025-07;finished;05.07.2025 14:30;05.07.2025 23:00;05.07.2025 14:27;05.07.2025 21:28;;8,5;7;330;Basis-Tarif ;Privatkunden;2;CARL;RCA00277;Bezahlt;19,04;19,04;62,7;62,7;2,5;0;84,24;84,24
R001155;R-CA 126E;1;Nittendorf;Nittendorf / C106;2025-07;finished;12.07.2025 17:30;13.07.2025 00:30;12.07.2025 17:46;13.07.2025 00:22;;7;6,58;162;ÖPNV-Abo-Tarif ;Privatkunden;2;CARL;RCA00290;Bezahlt;17,29;17,29;30,78;30,78;2,5;0;50,57;40,57
R001165;R-CA 126E;1;Nittendorf;Nittendorf / C106;2025-07;finished;23.07.2025 06:30;23.07.2025 12:00;23.07.2025 06:55;23.07.2025 10:11;;5,5;3,25;82;ÖPNV-Abo-Tarif ;Privatkunden;2;CARL;RCA00304;Bezahlt;11,04;11,04;15,58;15,58;2,5;0;29,12;29,12
R001193;R-CA 126E;1;Nittendorf;Nittendorf / C106;2025-07;finished;17.07.2025 17:00;17.07.2025 19:00;17.07.2025 16:41;17.07.2025 19:12;;2;2,52;75;Basis-Tarif ;Privatkunden;2;CARL;RCA00311;Bezahlt;6,29;6,29;14,25;14,25;2,5;0;23,04;23,04
R001207;R-CA 126E;1;Nittendorf;Nittendorf / C106;2025-07;finished;17.07.2025 20:00;21.07.2025 16:00;17.07.2025 20:45;21.07.2025 15:27;;92;90,7;250;ÖPNV-Abo-Tarif ;Privatkunden;2;CARL;RCA00304;Bezahlt;75;75;47,5;47,5;2,5;0;125;125
R001210;R-CA 126E;1;Nittendorf;Nittendorf / C106;2025-08;finished;06.08.2025 08:00;06.08.2025 15:00;06.08.2025 09:00;06.08.2025 14:40;;7;5,67;93;ÖPNV-Abo-Tarif ;Privatkunden;2;CARL;RCA00363;Bezahlt;17;17;17,67;17,67;2,5;0;37,17;37,17
R001220;R-CA 126E;1;Nittendorf;Nittendorf / C106;2025-07;finished;22.07.2025 07:45;22.07.2025 15:00;22.07.2025 07:47;22.07.2025 14:31;;7,25;6,72;106;ÖPNV-Abo-Tarif ;Privatkunden;2;CARL;RCA00304;Bezahlt;17,42;17,42;20,14;20,14;2,5;0;40,06;40,06
R001259;R-CA 126E;1;Nittendorf;Nittendorf / C106;2025-07;finished;27.07.2025 13:00;27.07.2025 18:00;27.07.2025 12:51;27.07.2025 17:30;;5;4,63;49;ÖPNV-Abo-Tarif ;Privatkunden;2;CARL;RCA00304;Bezahlt;12,13;12,13;9,31;9,31;2,5;0;23,94;23,94
R001277;R-CA 126E;1;Nittendorf;Nittendorf / C106;2025-08;finished;05.08.2025 07:30;05.08.2025 15:00;05.08.2025 07:38;05.08.2025 14:39;;7,5;7;84;ÖPNV-Abo-Tarif ;Privatkunden;2;CARL;RCA00363;Bezahlt;18,21;18,21;15,96;15,96;2,5;0;36,67;36,67
R001299;R-CA 126E;1;Nittendorf;Nittendorf / C106;2025-08;finished;03.08.2025 10:00;03.08.2025 18:00;03.08.2025 10:42;03.08.2025 16:31;;8;5,82;50;ÖPNV-Abo-Tarif ;Privatkunden;2;CARL;RCA00363;Bezahlt;17,79;17,79;9,5;9,5;2,5;0;29,79;19,79
R001317;R-CA 126E;1;Nittendorf;Nittendorf / C106;2025-08;finished;10.08.2025 07:00;10.08.2025 18:00;10.08.2025 07:41;10.08.2025 16:40;;11;8,97;65;ÖPNV-Abo-Tarif ;Privatkunden;2;CARL;RCA00363;Bezahlt;25,5;25,5;12,35;12,35;2,5;0;40,35;40,35
R001337;R-CA 126E;1;Nittendorf;Nittendorf / C106;2025-08;finished;13.08.2025 06:45;13.08.2025 12:00;13.08.2025 07:06;13.08.2025 11:55;;5,25;4,82;92;ÖPNV-Abo-Tarif ;Privatkunden;2;CARL;RCA00363;Bezahlt;13;13;17,48;17,48;2,5;0;32,98;32,98
R001377;R-CA 126E;1;Nittendorf;Nittendorf / C106;2025-08;finished;17.08.2025 13:15;17.08.2025 18:15;17.08.2025 13:31;17.08.2025 17:34;;5;4,05;61;ÖPNV-Abo-Tarif ;Privatkunden;2;CARL;RCA00363;Bezahlt;11,5;11,5;11,59;11,59;2,5;0;25,59;25,59
R001511;R-CA 126E;1;Nittendorf;Nittendorf / C106;2025-09;finished;25.09.2025 08:00;25.09.2025 10:00;25.09.2025 08:02;25.09.2025 10:03;;2;2;6;Kommunal-Tarif Servicefahrten;Fahrzeugbetreuung;1;FREE;;Keine Zahlung;0;0;0;0;0;0;0;0
R001591;R-CA 126E;1;Nittendorf;Nittendorf / C106;2025-09;finished;28.09.2025 14:30;28.09.2025 18:15;28.09.2025 14:22;28.09.2025 18:04;;3,75;3,7;67;Basis-Tarif ;Privatkunden;2;CARL;RCA00403;Bezahlt;9,42;9,42;12,73;12,73;2,5;0;24,65;24,65
R001114;R-CA 137E;13;Schierling;Schierling / C111;2025-07;cancelled;05.07.2025 13:00;05.07.2025 23:45;;;05.07.2025 10:51;10,75;;;Basis-Tarif ;Privatkunden;2;CARL;RCA00340;Bezahlt;10,75;10,75;0;0;2,5;0;13,25;13,25
R001181;R-CA 137E;13;Schierling;Schierling / C111;2025-07;finished;15.07.2025 15:00;15.07.2025 18:00;15.07.2025 14:59;15.07.2025 17:23;;3;2,4;52;ÖPNV-Abo-Tarif ;Privatkunden;2;CARL;RCA00295;Bezahlt;6,58;6,58;9,88;9,88;2,5;0;18,96;8,96
R001209;R-CA 137E;13;Schierling;Schierling / C111;2025-07;cancelled;20.07.2025 11:00;20.07.2025 16:00;;;20.07.2025 09:12;5;;;Basis-Tarif ;Privatkunden;2;CARL;RCA00340;Bezahlt;5;5;0;0;2,5;0;7,5;7,5
R001360;R-CA 137E;13;Schierling;Schierling / C111;2025-08;finished;14.08.2025 11:00;14.08.2025 17:00;14.08.2025 10:58;14.08.2025 16:54;;6;5,92;56;Basis-Tarif ;Privatkunden;2;CARL;RCA00390;Bezahlt;14,92;14,92;10,64;10,64;2,5;0;28,06;28,06
R001366;R-CA 137E;13;Schierling;Schierling / C111;2025-08;cancelled;15.08.2025 12:30;15.08.2025 18:00;;;15.08.2025 13:07;5,5;;;Basis-Tarif ;Privatkunden;2;CARL;RCA00390;Bezahlt;6,46;6,46;0;0;2,5;0;8,96;8,96
R001387;R-CA 137E;13;Schierling;Schierling / C111;2025-08;finished;20.08.2025 09:00;20.08.2025 21:00;20.08.2025 08:56;20.08.2025 19:26;;12;10,48;156;Basis-Tarif ;Privatkunden;2;CARL;RCA00390;Bezahlt;27,83;27,83;29,64;29,64;2,5;0;59,97;59,97
R001472;R-CA 137E;13;Schierling;Schierling / C111;2025-09;finished;07.09.2025 10:15;07.09.2025 17:00;07.09.2025 10:22;07.09.2025 16:45;;6,75;6,38;92;Basis-Tarif ;Privatkunden;2;CARL;RCA00451;Bezahlt;16,54;16,54;17,48;17,48;2,5;0;36,52;36,52
R001541;R-CA 137E;13;Schierling;Schierling / C111;2025-09;finished;20.09.2025 14:00;20.09.2025 20:00;20.09.2025 13:54;20.09.2025 20:25;;6;6,52;86;Basis-Tarif ;Privatkunden;2;CARL;RCA00451;Bezahlt;16,29;16,29;16,34;16,34;2,5;5;40,13;40,13
R001542;R-CA 137E;13;Schierling;Schierling / C111;2025-09;finished;21.09.2025 08:00;21.09.2025 20:00;21.09.2025 07:51;21.09.2025 19:57;;12;12,08;137;Basis-Tarif ;Privatkunden;2;CARL;RCA00451;Bezahlt;30,29;30,29;26,03;26,03;2,5;0;58,82;58,82
R001569;R-CA 137E;13;Schierling;Schierling / C111;2025-09;finished;29.09.2025 09:00;29.09.2025 21:00;29.09.2025 09:06;29.09.2025 20:18;;12;11,18;138;Basis-Tarif ;Privatkunden;2;CARL;RCA00445;Bezahlt;28,96;28,96;26,22;26,22;2,5;0;57,68;57,68
R001572;R-CA 137E;13;Schierling;Schierling / C111;2025-09;finished;25.09.2025 13:30;25.09.2025 17:30;25.09.2025 13:21;25.09.2025 16:13;;4;2,85;51;Basis-Tarif ;Privatkunden;2;CARL;RCA00445;Bezahlt;8,46;8,46;9,69;9,69;2,5;0;20,65;20,65
R001619;R-CA 137E;13;Schierling;Schierling / C111;2025-09;finished;30.09.2025 07:30;30.09.2025 12:30;30.09.2025 07:32;30.09.2025 12:31;;5;4,98;47;Basis-Tarif ;Privatkunden;2;CARL;RCA00445;Bezahlt;12,58;12,58;8,93;8,93;2,5;0;24,01;24,01
R001132;R-CA 124E;14;Hainsacker;Lappersdorf - Hainsacker / C115;2025-07;finished;06.07.2025 17:00;06.07.2025 19:00;06.07.2025 16:56;06.07.2025 18:49;;2;1,88;73;Basis-Tarif ;Privatkunden;2;CARL;RCA00322;Bezahlt;4,92;4,92;13,87;13,87;2,5;0;21,29;21,29
R001140;R-CA 124E;14;Hainsacker;Lappersdorf - Hainsacker / C115;2025-07;finished;08.07.2025 14:00;08.07.2025 19:30;08.07.2025 14:09;08.07.2025 18:46;;5,5;4,6;44;Basis-Tarif ;Privatkunden;2;CARL;RCA00282;Bezahlt;12,67;12,67;8,36;8,36;2,5;0;23,53;23,53
R001172;R-CA 124E;14;Hainsacker;Lappersdorf - Hainsacker / C115;2025-07;cancelled;14.07.2025 09:30;14.07.2025 14:30;;;13.07.2025 08:53;5;;;Basis-Tarif ;Privatkunden;2;CARL;RCA00280;Bezahlt;0;0;0;0;0;0;0;0
R001178;R-CA 124E;14;Hainsacker;Lappersdorf - Hainsacker / C115;2025-07;finished;14.07.2025 15:45;14.07.2025 18:30;14.07.2025 15:50;14.07.2025 18:19;;2,75;2,48;17;ÖPNV-Abo-Tarif ;Privatkunden;2;CARL;RCA00285;Bezahlt;6,58;6,58;3,23;3,23;2,5;0;12,31;2,31
R001221;R-CA 124E;14;Hainsacker;Lappersdorf - Hainsacker / C115;2025-07;finished;20.07.2025 16:30;20.07.2025 19:30;20.07.2025 16:29;20.07.2025 18:17;;3;1,78;18;ÖPNV-Abo-Tarif ;Privatkunden;2;CARL;RCA00285;Bezahlt;5,71;5,71;3,42;3,42;2,5;0;11,63;11,63
R001233;R-CA 124E;14;Hainsacker;Lappersdorf - Hainsacker / C115;2025-07;finished;23.07.2025 19:30;24.07.2025 17:30;23.07.2025 19:36;24.07.2025 17:25;;22;21,8;65;Basis-Tarif ;Privatkunden;2;CARL;RCA00316;Bezahlt;40;40;12,35;12,35;2,5;0;54,85;54,85
R001266;R-CA 124E;14;Hainsacker;Lappersdorf - Hainsacker / C115;2025-07;finished;30.07.2025 06:00;30.07.2025 18:00;30.07.2025 05:59;30.07.2025 17:55;;12;11,92;47;Basis-Tarif ;Privatkunden;2;CARL;RCA00316;Bezahlt;29,92;29,92;8,93;8,93;2,5;0;41,35;41,35
R001268;R-CA 124E;14;Hainsacker;Lappersdorf - Hainsacker / C115;2025-07;finished;29.07.2025 06:30;29.07.2025 16:00;29.07.2025 06:26;29.07.2025 16:08;;9,5;9,68;79;Basis-Tarif ;Privatkunden;2;CARL;RCA00293;Bezahlt;24,25;24,25;15,01;15,01;2,5;0;41,76;41,76
R001288;R-CA 124E;14;Hainsacker;Lappersdorf - Hainsacker / C115;2025-07;finished;31.07.2025 16:45;01.08.2025 09:45;31.07.2025 16:50;31.07.2025 20:51;;17;4,02;15;Basis-Tarif ;Privatkunden;2;CARL;RCA00330;Bezahlt;23,17;23,17;2,85;2,85;2,5;0;28,52;28,52
R001339;R-CA 124E;14;Hainsacker;Lappersdorf - Hainsacker / C115;2025-08;cancelled;15.08.2025 08:00;15.08.2025 18:00;;;14.08.2025 15:44;10;;;Basis-Tarif ;Privatkunden;2;CARL;;;0;0;0;0;0;0;0;0
R001355;R-CA 124E;14;Hainsacker;Lappersdorf - Hainsacker / C115;2025-08;finished;13.08.2025 08:30;13.08.2025 09:30;13.08.2025 09:07;13.08.2025 09:20;;1;0,2;0;Kommunal-Tarif Servicefahrten;Fahrzeugbetreuung;1;FREE;;Keine Zahlung;0;0;0;0;0;0;0;0
R001398;R-CA 124E;14;Hainsacker;Lappersdorf - Hainsacker / C115;2025-08;finished;22.08.2025 10:00;22.08.2025 12:00;22.08.2025 10:28;22.08.2025 11:35;;2;1,1;18;Kommunal-Tarif Servicefahrten;Fahrzeugbetreuung;1;FREE;;Keine Zahlung;0;0;0;0;0;0;0;0
R001446;R-CA 124E;14;Hainsacker;Lappersdorf - Hainsacker / C115;2025-09;finished;02.09.2025 09:00;02.09.2025 13:30;02.09.2025 09:13;02.09.2025 12:59;;4,5;3,77;110;Basis-Tarif ;Privatkunden;2;CARL;RCA00447;Bezahlt;10,5;10,5;20,9;20,9;2,5;0;33,9;33,9
R001452;R-CA 124E;14;Hainsacker;Lappersdorf - Hainsacker / C115;2025-09;finished;05.09.2025 16:30;06.09.2025 02:00;05.09.2025 16:06;05.09.2025 23:41;;9,5;7,58;154;Basis-Tarif ;Privatkunden;2;CARL;RCA00394;Bezahlt;21,29;21,29;29,26;29,26;2,5;0;53,05;53,05
R001468;R-CA 124E;14;Hainsacker;Lappersdorf - Hainsacker / C115;2025-09;finished;11.09.2025 11:00;11.09.2025 16:00;11.09.2025 11:11;11.09.2025 14:50;;5;3,63;110;Basis-Tarif ;Privatkunden;2;CARL;RCA00447;Bezahlt;10,75;10,75;20,9;20,9;2,5;0;34,15;34,15
R001471;R-CA 124E;14;Hainsacker;Lappersdorf - Hainsacker / C115;2025-09;finished;09.09.2025 10:00;09.09.2025 15:00;09.09.2025 09:55;09.09.2025 12:22;;5;2,43;109;Basis-Tarif ;Privatkunden;2;CARL;RCA00447;Bezahlt;8,71;8,71;20,71;20,71;2,5;0;31,92;31,92
R001510;R-CA 124E;14;Hainsacker;Lappersdorf - Hainsacker / C115;2025-09;finished;15.09.2025 15:15;15.09.2025 18:30;15.09.2025 15:01;15.09.2025 17:17;;3,25;2,27;17;ÖPNV-Abo-Tarif ;Privatkunden;2;CARL;RCA00406;Bezahlt;6,88;6,88;3,23;3,23;2,5;0;12,61;2,61
R001553;R-CA 124E;14;Hainsacker;Lappersdorf - Hainsacker / C115;2025-09;finished;20.09.2025 06:00;20.09.2025 09:00;20.09.2025 05:47;20.09.2025 09:10;;3;3,38;23;ÖPNV-Abo-Tarif ;Privatkunden;2;CARL;RCA00442;Bezahlt;8,5;8,5;4,37;4,37;2,5;0;15,37;5,37
R001575;R-CA 124E;14;Hainsacker;Lappersdorf - Hainsacker / C115;2025-09;finished;26.09.2025 08:15;26.09.2025 12:00;26.09.2025 08:10;26.09.2025 11:41;;3,75;3,5;12;Basis-Tarif ;Privatkunden;2;CARL;RCA00430;Bezahlt;9,08;9,08;2,28;2,28;2,5;0;13,86;13,86
R001589;R-CA 124E;14;Hainsacker;Lappersdorf - Hainsacker / C115;2025-09;finished;28.09.2025 11:00;28.09.2025 17:00;28.09.2025 10:54;28.09.2025 16:49;;6;5,9;110;Basis-Tarif ;Privatkunden;2;CARL;RCA00436;Bezahlt;14,92;14,92;20,9;20,9;2,5;0;38,32;38,32
